10728
True delta fst: 0.011
p-value: 0.047619047619047616
Possible delta fsts: [0.011, 0.002, 0.001, 0.0, 0.0, 0.002, 0.002, 0.001, 0.0, 0.0, 0.002, 0.002, 0.003, 0.003, 0.002, 0.0, 0.0, 0.002, 0.003, 0.003, 0.003, 0.002, 0.001, 0.0, 0.0, 0.002, 0.002, 0.003, 0.003, 0.002, 0.0, 0.0, 0.002, 0.003, 0.003, 0.003, 0.002, 0.003, 0.003, 0.002, 0.0, 0.0, 0.002, 0.003, 0.003, 0.003, 0.004, 0.004, 0.0, 0.0, 0.003, 0.003, 0.011, 0.004, 0.004, 0.0, 0.011, 0.002, 0.004, 0.004, 0.011, 0.001, 0.0, 0.0, 0.002, 0.001, 0.001, 0.001, 0.002, 0.0, 0.0, 0.001, 0.0, 0.0, 0.002, 0.001, 0.001, 0.001, 0.002, 0.0, 0.0, 0.0, 0.0, 0.002, 0.003, 0.003, 0.003, 0.005, 0.0, 0.0, 0.003, 0.001, 0.0, 0.0, 0.002, 0.001, 0.001, 0.001, 0.002, 0.0, 0.0, 0.0, 0.0, 0.002, 0.003, 0.003, 0.003, 0.005, 0.0, 0.0, 0.003, 0.0, 0.0, 0.002, 0.003, 0.003, 0.003, 0.005, 0.0, 0.0, 0.003, 0.011, 0.004, 0.004, 0.0, 0.011]
Qualifiers (those with delta fst ≥ true delta fst): 6
Total: 126


24769
True delta fst: 0.009
p-value: 0.047619047619047616
Possible delta fsts: [0.009, 0.002, 0.002, 0.001, 0.001, 0.001, 0.001, 0.001, 0.005, 0.001, 0.005, 0.001, 0.002, 0.001, 0.002, 0.002, 0.001, 0.002, 0.002, 0.001, 0.002, 0.001, 0.001, 0.005, 0.001, 0.005, 0.001, 0.002, 0.001, 0.002, 0.002, 0.001, 0.002, 0.002, 0.001, 0.002, 0.001, 0.002, 0.002, 0.002, 0.002, 0.002, 0.002, 0.001, 0.001, 0.001, 0.005, 0.009, 0.005, 0.001, 0.001, 0.001, 0.001, 0.001, 0.001, 0.002, 0.001, 0.001, 0.009, 0.005, 0.009, 0.001, 0.002, 0.002, 0.002, 0.002, 0.002, 0.002, 0.001, 0.001, 0.001, 0.002, 0.001, 0.002, 0.001, 0.001, 0.002, 0.001, 0.001, 0.005, 0.001, 0.001, 0.005, 0.001, 0.001, 0.002, 0.001, 0.001, 0.002, 0.001, 0.002, 0.002, 0.001, 0.002, 0.001, 0.001, 0.002, 0.001, 0.001, 0.005, 0.001, 0.001, 0.005, 0.001, 0.001, 0.002, 0.001, 0.001, 0.002, 0.001, 0.002, 0.001, 0.001, 0.001, 0.002, 0.002, 0.002, 0.002, 0.002, 0.002, 0.001, 0.009, 0.005, 0.009, 0.001, 0.001]
Qualifiers (those with delta fst ≥ true delta fst): 6
Total: 126


24771
True delta fst: 0.008
p-value: 0.03968253968253968
Possible delta fsts: [0.008, 0.0, 0.0, 0.0, 0.0, 0.0, 0.0, 0.0, 0.0, 0.0, 0.0, 0.004, 0.004, 0.004, 0.001, 0.004, 0.004, 0.001, 0.004, 0.001, 0.001, 0.008, 0.008, 0.008, 0.008, 0.002, 0.0, 0.0, 0.0, 0.0, 0.0, 0.0, 0.0, 0.0, 0.0, 0.0, 0.0, 0.0, 0.0, 0.0, 0.0, 0.0, 0.0, 0.0, 0.0, 0.0, 0.004, 0.004, 0.001, 0.004, 0.001, 0.001, 0.004, 0.001, 0.001, 0.001, 0.007, 0.007, 0.007, 0.007, 0.004, 0.001, 0.001, 0.001, 0.004, 0.001, 0.001, 0.004, 0.001, 0.004, 0.004, 0.001, 0.001, 0.001, 0.004, 0.001, 0.001, 0.004, 0.001, 0.004, 0.004, 0.0, 0.0, 0.0, 0.0, 0.0, 0.0, 0.0, 0.0, 0.0, 0.0, 0.007, 0.007, 0.007, 0.004, 0.007, 0.007, 0.004, 0.007, 0.004, 0.004, 0.001, 0.001, 0.004, 0.001, 0.004, 0.004, 0.001, 0.004, 0.004, 0.004, 0.001, 0.001, 0.004, 0.001, 0.004, 0.004, 0.001, 0.004, 0.004, 0.004, 0.001, 0.0, 0.0, 0.0, 0.0]
Qualifiers (those with delta fst ≥ true delta fst): 5
Total: 126


25865
True delta fst: 0.009
p-value: 0.03968253968253968
Possible delta fsts: [0.009, 0.003, 0.003, 0.003, 0.003, 0.002, 0.003, 0.003, 0.003, 0.003, 0.002, 0.002, 0.002, 0.002, 0.002, 0.002, 0.002, 0.002, 0.002, 0.002, 0.002, 0.009, 0.009, 0.009, 0.009, 0.001, 0.003, 0.003, 0.003, 0.002, 0.003, 0.003, 0.002, 0.003, 0.002, 0.002, 0.003, 0.003, 0.003, 0.002, 0.003, 0.003, 0.002, 0.003, 0.002, 0.002, 0.002, 0.002, 0.002, 0.002, 0.002, 0.002, 0.002, 0.002, 0.002, 0.002, 0.003, 0.003, 0.003, 0.003, 0.002, 0.002, 0.002, 0.002, 0.002, 0.002, 0.002, 0.002, 0.002, 0.002, 0.002, 0.002, 0.002, 0.002, 0.002, 0.002, 0.002, 0.002, 0.002, 0.002, 0.002, 0.002, 0.002, 0.003, 0.002, 0.003, 0.003, 0.002, 0.003, 0.003, 0.003, 0.003, 0.003, 0.003, 0.002, 0.003, 0.003, 0.002, 0.003, 0.002, 0.002, 0.002, 0.002, 0.002, 0.002, 0.002, 0.002, 0.002, 0.002, 0.002, 0.002, 0.002, 0.002, 0.002, 0.002, 0.002, 0.002, 0.002, 0.002, 0.002, 0.002, 0.002, 0.003, 0.003, 0.003, 0.003]
Qualifiers (those with delta fst ≥ true delta fst): 5
Total: 126


33516
True delta fst: 0.033
p-value: 0.023809523809523808
Possible delta fsts: [0.033, 0.033, 0.017, 0.024, 0.017, 0.01, 0.002, 0.008, 0.005, 0.008, 0.008, 0.008, 0.005, 0.008, 0.008, 0.008, 0.009, 0.008, 0.008, 0.009, 0.008, 0.024, 0.01, 0.017, 0.01, 0.005, 0.01, 0.017, 0.01, 0.005, 0.005, 0.001, 0.003, 0.005, 0.001, 0.003, 0.008, 0.008, 0.008, 0.009, 0.008, 0.008, 0.006, 0.008, 0.008, 0.006, 0.008, 0.008, 0.006, 0.008, 0.008, 0.006, 0.006, 0.003, 0.001, 0.003, 0.033, 0.017, 0.024, 0.017, 0.01, 0.017, 0.024, 0.017, 0.01, 0.01, 0.005, 0.001, 0.01, 0.005, 0.001, 0.008, 0.005, 0.008, 0.008, 0.008, 0.009, 0.008, 0.008, 0.009, 0.008, 0.008, 0.009, 0.008, 0.008, 0.009, 0.008, 0.008, 0.006, 0.003, 0.006, 0.01, 0.017, 0.01, 0.005, 0.005, 0.001, 0.003, 0.005, 0.001, 0.003, 0.005, 0.001, 0.003, 0.005, 0.001, 0.003, 0.003, 0.006, 0.008, 0.006, 0.008, 0.008, 0.006, 0.008, 0.008, 0.006, 0.006, 0.003, 0.001, 0.003, 0.006, 0.003, 0.001, 0.003, 0.005]
Qualifiers (those with delta fst ≥ true delta fst): 3
Total: 126


33914
True delta fst: 0.037
p-value: 0.015873015873015872
Possible delta fsts: [0.037, 0.028, 0.014, 0.021, 0.021, 0.008, 0.001, 0.006, 0.004, 0.004, 0.008, 0.008, 0.006, 0.006, 0.009, 0.008, 0.008, 0.007, 0.008, 0.008, 0.008, 0.021, 0.008, 0.014, 0.014, 0.003, 0.003, 0.008, 0.008, 0.001, 0.001, 0.001, 0.006, 0.003, 0.004, 0.004, 0.008, 0.008, 0.008, 0.008, 0.008, 0.008, 0.005, 0.008, 0.008, 0.008, 0.007, 0.007, 0.001, 0.008, 0.005, 0.005, 0.005, 0.003, 0.003, 0.001, 0.037, 0.021, 0.028, 0.028, 0.014, 0.014, 0.021, 0.021, 0.008, 0.008, 0.008, 0.001, 0.014, 0.003, 0.003, 0.006, 0.004, 0.004, 0.008, 0.008, 0.008, 0.008, 0.006, 0.009, 0.009, 0.008, 0.008, 0.007, 0.008, 0.008, 0.008, 0.008, 0.005, 0.005, 0.008, 0.008, 0.014, 0.014, 0.003, 0.003, 0.003, 0.004, 0.008, 0.001, 0.001, 0.001, 0.001, 0.006, 0.003, 0.004, 0.004, 0.005, 0.008, 0.008, 0.006, 0.008, 0.008, 0.005, 0.008, 0.008, 0.008, 0.008, 0.001, 0.001, 0.005, 0.005, 0.003, 0.003, 0.001, 0.008]
Qualifiers (those with delta fst ≥ true delta fst): 2
Total: 126


35094
True delta fst: 0.07
p-value: 0.03968253968253968
Possible delta fsts: [0.07, 0.082, 0.003, 0.012, 0.012, 0.003, 0.07, 0.008, 0.006, 0.006, 0.002, 0.003, 0.012, 0.012, 0.003, 0.019, 0.019, 0.015, 0.017, 0.019, 0.019, 0.082, 0.003, 0.012, 0.012, 0.003, 0.003, 0.021, 0.021, 0.01, 0.019, 0.019, 0.017, 0.015, 0.018, 0.018, 0.003, 0.012, 0.012, 0.003, 0.019, 0.019, 0.015, 0.017, 0.019, 0.019, 0.019, 0.019, 0.017, 0.015, 0.018, 0.018, 0.0, 0.01, 0.01, 0.006, 0.111, 0.01, 0.03, 0.03, 0.019, 0.018, 0.039, 0.039, 0.027, 0.015, 0.015, 0.016, 0.008, 0.013, 0.013, 0.01, 0.03, 0.03, 0.019, 0.017, 0.017, 0.017, 0.012, 0.017, 0.017, 0.015, 0.015, 0.016, 0.008, 0.013, 0.013, 0.01, 0.002, 0.002, 0.015, 0.018, 0.039, 0.039, 0.027, 0.015, 0.015, 0.016, 0.008, 0.013, 0.013, 0.013, 0.013, 0.014, 0.004, 0.01, 0.01, 0.013, 0.006, 0.006, 0.017, 0.015, 0.015, 0.016, 0.008, 0.013, 0.013, 0.01, 0.002, 0.002, 0.015, 0.013, 0.006, 0.006, 0.017, 0.041]
Qualifiers (those with delta fst ≥ true delta fst): 5
Total: 126


35181
True delta fst: 0.07
p-value: 0.03968253968253968
Possible delta fsts: [0.07, 0.082, 0.003, 0.012, 0.012, 0.003, 0.07, 0.008, 0.006, 0.006, 0.002, 0.003, 0.012, 0.012, 0.003, 0.019, 0.019, 0.015, 0.017, 0.019, 0.019, 0.082, 0.003, 0.012, 0.012, 0.003, 0.003, 0.021, 0.021, 0.01, 0.019, 0.019, 0.017, 0.015, 0.018, 0.018, 0.003, 0.012, 0.012, 0.003, 0.019, 0.019, 0.015, 0.017, 0.019, 0.019, 0.019, 0.019, 0.017, 0.015, 0.018, 0.018, 0.0, 0.01, 0.01, 0.006, 0.111, 0.01, 0.03, 0.03, 0.019, 0.018, 0.039, 0.039, 0.027, 0.015, 0.015, 0.016, 0.008, 0.013, 0.013, 0.01, 0.03, 0.03, 0.019, 0.017, 0.017, 0.017, 0.012, 0.017, 0.017, 0.015, 0.015, 0.016, 0.008, 0.013, 0.013, 0.01, 0.002, 0.002, 0.015, 0.018, 0.039, 0.039, 0.027, 0.015, 0.015, 0.016, 0.008, 0.013, 0.013, 0.013, 0.013, 0.014, 0.004, 0.01, 0.01, 0.013, 0.006, 0.006, 0.017, 0.015, 0.015, 0.016, 0.008, 0.013, 0.013, 0.01, 0.002, 0.002, 0.015, 0.013, 0.006, 0.006, 0.017, 0.041]
Qualifiers (those with delta fst ≥ true delta fst): 5
Total: 126


35747
True delta fst: 0.051
p-value: 0.03968253968253968
Possible delta fsts: [0.051, 0.062, 0.008, 0.003, 0.011, 0.003, 0.051, 0.012, 0.002, 0.006, 0.002, 0.008, 0.003, 0.011, 0.003, 0.012, 0.016, 0.012, 0.015, 0.016, 0.015, 0.074, 0.003, 0.009, 0.019, 0.009, 0.002, 0.017, 0.027, 0.017, 0.014, 0.015, 0.014, 0.012, 0.014, 0.012, 0.003, 0.009, 0.019, 0.009, 0.014, 0.016, 0.014, 0.014, 0.016, 0.014, 0.014, 0.015, 0.014, 0.012, 0.014, 0.012, 0.0, 0.008, 0.0, 0.01, 0.089, 0.002, 0.017, 0.028, 0.017, 0.008, 0.025, 0.037, 0.025, 0.014, 0.014, 0.014, 0.008, 0.012, 0.008, 0.002, 0.017, 0.028, 0.017, 0.015, 0.016, 0.015, 0.012, 0.014, 0.012, 0.014, 0.014, 0.014, 0.008, 0.012, 0.008, 0.005, 0.002, 0.005, 0.014, 0.016, 0.035, 0.047, 0.035, 0.013, 0.012, 0.013, 0.003, 0.009, 0.003, 0.01, 0.008, 0.01, 0.001, 0.005, 0.001, 0.01, 0.005, 0.01, 0.016, 0.013, 0.012, 0.013, 0.003, 0.009, 0.003, 0.008, 0.003, 0.008, 0.015, 0.01, 0.005, 0.01, 0.016, 0.026]
Qualifiers (those with delta fst ≥ true delta fst): 5
Total: 126


35976
True delta fst: 0.055
p-value: 0.03968253968253968
Possible delta fsts: [0.055, 0.066, 0.002, 0.005, 0.014, 0.002, 0.055, 0.007, 0.001, 0.007, 0.007, 0.002, 0.005, 0.014, 0.002, 0.017, 0.017, 0.014, 0.016, 0.017, 0.017, 0.079, 0.003, 0.012, 0.021, 0.003, 0.01, 0.019, 0.03, 0.01, 0.016, 0.015, 0.015, 0.011, 0.016, 0.015, 0.003, 0.012, 0.021, 0.003, 0.017, 0.016, 0.015, 0.014, 0.017, 0.016, 0.016, 0.015, 0.015, 0.011, 0.016, 0.015, 0.009, 0.005, 0.002, 0.009, 0.094, 0.011, 0.02, 0.031, 0.011, 0.018, 0.028, 0.041, 0.018, 0.015, 0.011, 0.015, 0.007, 0.015, 0.011, 0.011, 0.02, 0.031, 0.011, 0.016, 0.015, 0.016, 0.011, 0.016, 0.015, 0.015, 0.011, 0.015, 0.007, 0.015, 0.011, 0.013, 0.0, 0.007, 0.013, 0.027, 0.038, 0.052, 0.027, 0.011, 0.008, 0.013, 0.002, 0.011, 0.008, 0.008, 0.004, 0.011, 0.003, 0.008, 0.004, 0.015, 0.008, 0.013, 0.015, 0.011, 0.008, 0.013, 0.002, 0.011, 0.008, 0.015, 0.004, 0.01, 0.015, 0.015, 0.008, 0.013, 0.015, 0.023]
Qualifiers (those with delta fst ≥ true delta fst): 5
Total: 126


36155
True delta fst: 0.055
p-value: 0.03968253968253968
Possible delta fsts: [0.055, 0.066, 0.002, 0.005, 0.014, 0.002, 0.055, 0.007, 0.001, 0.007, 0.007, 0.002, 0.005, 0.014, 0.002, 0.017, 0.017, 0.014, 0.016, 0.017, 0.017, 0.079, 0.003, 0.012, 0.021, 0.003, 0.01, 0.019, 0.03, 0.01, 0.016, 0.015, 0.015, 0.011, 0.016, 0.015, 0.003, 0.012, 0.021, 0.003, 0.017, 0.016, 0.015, 0.014, 0.017, 0.016, 0.016, 0.015, 0.015, 0.011, 0.016, 0.015, 0.009, 0.005, 0.002, 0.009, 0.094, 0.011, 0.02, 0.031, 0.011, 0.018, 0.028, 0.041, 0.018, 0.015, 0.011, 0.015, 0.007, 0.015, 0.011, 0.011, 0.02, 0.031, 0.011, 0.016, 0.015, 0.016, 0.011, 0.016, 0.015, 0.015, 0.011, 0.015, 0.007, 0.015, 0.011, 0.013, 0.0, 0.007, 0.013, 0.027, 0.038, 0.052, 0.027, 0.011, 0.008, 0.013, 0.002, 0.011, 0.008, 0.008, 0.004, 0.011, 0.003, 0.008, 0.004, 0.015, 0.008, 0.013, 0.015, 0.011, 0.008, 0.013, 0.002, 0.011, 0.008, 0.015, 0.004, 0.01, 0.015, 0.015, 0.008, 0.013, 0.015, 0.023]
Qualifiers (those with delta fst ≥ true delta fst): 5
Total: 126


36346
True delta fst: 0.053
p-value: 0.007936507936507936
Possible delta fsts: [0.053, 0.01, 0.007, 0.018, 0.018, 0.005, 0.02, 0.001, 0.029, 0.029, 0.002, 0.012, 0.003, 0.003, 0.012, 0.012, 0.012, 0.006, 0.003, 0.011, 0.011, 0.031, 0.005, 0.041, 0.041, 0.01, 0.012, 0.004, 0.004, 0.01, 0.01, 0.01, 0.008, 0.01, 0.008, 0.008, 0.008, 0.011, 0.011, 0.007, 0.006, 0.006, 0.008, 0.019, 0.003, 0.003, 0.01, 0.01, 0.004, 0.007, 0.012, 0.012, 0.012, 0.001, 0.001, 0.012, 0.031, 0.005, 0.041, 0.041, 0.01, 0.012, 0.004, 0.004, 0.01, 0.01, 0.01, 0.008, 0.01, 0.008, 0.008, 0.008, 0.011, 0.011, 0.007, 0.006, 0.006, 0.008, 0.019, 0.003, 0.003, 0.01, 0.01, 0.004, 0.007, 0.012, 0.012, 0.012, 0.001, 0.001, 0.012, 0.005, 0.021, 0.021, 0.003, 0.001, 0.001, 0.008, 0.03, 0.003, 0.003, 0.012, 0.012, 0.001, 0.003, 0.012, 0.012, 0.012, 0.006, 0.006, 0.01, 0.01, 0.01, 0.005, 0.004, 0.01, 0.01, 0.009, 0.007, 0.007, 0.007, 0.008, 0.011, 0.011, 0.01, 0.004]
Qualifiers (those with delta fst ≥ true delta fst): 1
Total: 126


36393
True delta fst: 0.053
p-value: 0.007936507936507936
Possible delta fsts: [0.053, 0.01, 0.007, 0.018, 0.018, 0.005, 0.02, 0.001, 0.029, 0.029, 0.002, 0.012, 0.003, 0.003, 0.012, 0.012, 0.012, 0.006, 0.003, 0.011, 0.011, 0.031, 0.005, 0.041, 0.041, 0.01, 0.012, 0.004, 0.004, 0.01, 0.01, 0.01, 0.008, 0.01, 0.008, 0.008, 0.008, 0.011, 0.011, 0.007, 0.006, 0.006, 0.008, 0.019, 0.003, 0.003, 0.01, 0.01, 0.004, 0.007, 0.012, 0.012, 0.012, 0.001, 0.001, 0.012, 0.031, 0.005, 0.041, 0.041, 0.01, 0.012, 0.004, 0.004, 0.01, 0.01, 0.01, 0.008, 0.01, 0.008, 0.008, 0.008, 0.011, 0.011, 0.007, 0.006, 0.006, 0.008, 0.019, 0.003, 0.003, 0.01, 0.01, 0.004, 0.007, 0.012, 0.012, 0.012, 0.001, 0.001, 0.012, 0.005, 0.021, 0.021, 0.003, 0.001, 0.001, 0.008, 0.03, 0.003, 0.003, 0.012, 0.012, 0.001, 0.003, 0.012, 0.012, 0.012, 0.006, 0.006, 0.01, 0.01, 0.01, 0.005, 0.004, 0.01, 0.01, 0.009, 0.007, 0.007, 0.007, 0.008, 0.011, 0.011, 0.01, 0.004]
Qualifiers (those with delta fst ≥ true delta fst): 1
Total: 126


36405
True delta fst: 0.053
p-value: 0.007936507936507936
Possible delta fsts: [0.053, 0.01, 0.007, 0.018, 0.018, 0.005, 0.02, 0.001, 0.029, 0.029, 0.002, 0.012, 0.003, 0.003, 0.012, 0.012, 0.012, 0.006, 0.003, 0.011, 0.011, 0.031, 0.005, 0.041, 0.041, 0.01, 0.012, 0.004, 0.004, 0.01, 0.01, 0.01, 0.008, 0.01, 0.008, 0.008, 0.008, 0.011, 0.011, 0.007, 0.006, 0.006, 0.008, 0.019, 0.003, 0.003, 0.01, 0.01, 0.004, 0.007, 0.012, 0.012, 0.012, 0.001, 0.001, 0.012, 0.031, 0.005, 0.041, 0.041, 0.01, 0.012, 0.004, 0.004, 0.01, 0.01, 0.01, 0.008, 0.01, 0.008, 0.008, 0.008, 0.011, 0.011, 0.007, 0.006, 0.006, 0.008, 0.019, 0.003, 0.003, 0.01, 0.01, 0.004, 0.007, 0.012, 0.012, 0.012, 0.001, 0.001, 0.012, 0.005, 0.021, 0.021, 0.003, 0.001, 0.001, 0.008, 0.03, 0.003, 0.003, 0.012, 0.012, 0.001, 0.003, 0.012, 0.012, 0.012, 0.006, 0.006, 0.01, 0.01, 0.01, 0.005, 0.004, 0.01, 0.01, 0.009, 0.007, 0.007, 0.007, 0.008, 0.011, 0.011, 0.01, 0.004]
Qualifiers (those with delta fst ≥ true delta fst): 1
Total: 126


36411
True delta fst: 0.045
p-value: 0.023809523809523808
Possible delta fsts: [0.045, 0.003, 0.006, 0.011, 0.011, 0.009, 0.012, 0.001, 0.02, 0.02, 0.005, 0.011, 0.006, 0.006, 0.009, 0.011, 0.011, 0.002, 0.002, 0.011, 0.011, 0.022, 0.009, 0.032, 0.032, 0.001, 0.011, 0.002, 0.002, 0.011, 0.009, 0.009, 0.006, 0.003, 0.011, 0.011, 0.007, 0.004, 0.004, 0.009, 0.004, 0.004, 0.007, 0.011, 0.008, 0.008, 0.009, 0.009, 0.011, 0.009, 0.006, 0.006, 0.011, 0.003, 0.003, 0.009, 0.034, 0.018, 0.045, 0.045, 0.007, 0.009, 0.003, 0.003, 0.011, 0.006, 0.006, 0.009, 0.011, 0.009, 0.009, 0.004, 0.012, 0.012, 0.007, 0.001, 0.001, 0.008, 0.02, 0.005, 0.005, 0.011, 0.011, 0.003, 0.006, 0.009, 0.009, 0.011, 0.002, 0.002, 0.011, 0.003, 0.022, 0.022, 0.002, 0.009, 0.009, 0.006, 0.032, 0.001, 0.001, 0.011, 0.011, 0.002, 0.002, 0.011, 0.011, 0.009, 0.006, 0.006, 0.011, 0.007, 0.007, 0.004, 0.004, 0.009, 0.009, 0.004, 0.007, 0.007, 0.008, 0.009, 0.011, 0.011, 0.006, 0.003]
Qualifiers (those with delta fst ≥ true delta fst): 3
Total: 126


36654
True delta fst: 0.057
p-value: 0.03968253968253968
Possible delta fsts: [0.057, 0.057, 0.007, 0.0, 0.008, 0.007, 0.047, 0.011, 0.006, 0.002, 0.011, 0.011, 0.006, 0.002, 0.011, 0.016, 0.018, 0.013, 0.018, 0.016, 0.018, 0.083, 0.005, 0.014, 0.023, 0.005, 0.005, 0.014, 0.023, 0.005, 0.018, 0.017, 0.017, 0.015, 0.018, 0.017, 0.001, 0.007, 0.016, 0.001, 0.018, 0.018, 0.016, 0.017, 0.018, 0.018, 0.018, 0.018, 0.016, 0.017, 0.018, 0.018, 0.004, 0.014, 0.005, 0.004, 0.115, 0.021, 0.032, 0.045, 0.021, 0.021, 0.032, 0.045, 0.021, 0.015, 0.011, 0.016, 0.006, 0.015, 0.011, 0.014, 0.023, 0.035, 0.014, 0.017, 0.015, 0.017, 0.011, 0.017, 0.015, 0.017, 0.015, 0.017, 0.011, 0.017, 0.015, 0.013, 0.0, 0.007, 0.013, 0.041, 0.053, 0.068, 0.041, 0.007, 0.002, 0.01, 0.005, 0.007, 0.002, 0.007, 0.002, 0.01, 0.005, 0.007, 0.002, 0.018, 0.011, 0.015, 0.018, 0.011, 0.007, 0.013, 0.001, 0.011, 0.007, 0.017, 0.009, 0.013, 0.017, 0.017, 0.009, 0.013, 0.017, 0.023]
Qualifiers (those with delta fst ≥ true delta fst): 5
Total: 126


36685
True delta fst: 0.057
p-value: 0.03968253968253968
Possible delta fsts: [0.057, 0.057, 0.007, 0.0, 0.008, 0.007, 0.047, 0.011, 0.006, 0.002, 0.011, 0.011, 0.006, 0.002, 0.011, 0.016, 0.018, 0.013, 0.018, 0.016, 0.018, 0.083, 0.005, 0.014, 0.023, 0.005, 0.005, 0.014, 0.023, 0.005, 0.018, 0.017, 0.017, 0.015, 0.018, 0.017, 0.001, 0.007, 0.016, 0.001, 0.018, 0.018, 0.016, 0.017, 0.018, 0.018, 0.018, 0.018, 0.016, 0.017, 0.018, 0.018, 0.004, 0.014, 0.005, 0.004, 0.115, 0.021, 0.032, 0.045, 0.021, 0.021, 0.032, 0.045, 0.021, 0.015, 0.011, 0.016, 0.006, 0.015, 0.011, 0.014, 0.023, 0.035, 0.014, 0.017, 0.015, 0.017, 0.011, 0.017, 0.015, 0.017, 0.015, 0.017, 0.011, 0.017, 0.015, 0.013, 0.0, 0.007, 0.013, 0.041, 0.053, 0.068, 0.041, 0.007, 0.002, 0.01, 0.005, 0.007, 0.002, 0.007, 0.002, 0.01, 0.005, 0.007, 0.002, 0.018, 0.011, 0.015, 0.018, 0.011, 0.007, 0.013, 0.001, 0.011, 0.007, 0.017, 0.009, 0.013, 0.017, 0.017, 0.009, 0.013, 0.017, 0.023]
Qualifiers (those with delta fst ≥ true delta fst): 5
Total: 126


36778
True delta fst: 0.077
p-value: 0.023809523809523808
Possible delta fsts: [0.077, 0.065, 0.0, 0.009, 0.009, 0.006, 0.054, 0.005, 0.003, 0.003, 0.011, 0.009, 0.002, 0.002, 0.015, 0.02, 0.02, 0.016, 0.02, 0.02, 0.02, 0.091, 0.014, 0.025, 0.025, 0.007, 0.007, 0.017, 0.017, 0.0, 0.018, 0.018, 0.018, 0.015, 0.02, 0.02, 0.0, 0.009, 0.009, 0.006, 0.02, 0.02, 0.018, 0.018, 0.02, 0.02, 0.021, 0.021, 0.018, 0.02, 0.02, 0.02, 0.007, 0.009, 0.009, 0.001, 0.124, 0.034, 0.047, 0.047, 0.024, 0.025, 0.037, 0.037, 0.016, 0.012, 0.012, 0.016, 0.006, 0.015, 0.015, 0.016, 0.028, 0.028, 0.008, 0.016, 0.016, 0.018, 0.011, 0.018, 0.018, 0.018, 0.018, 0.02, 0.014, 0.02, 0.02, 0.016, 0.005, 0.005, 0.011, 0.045, 0.059, 0.059, 0.034, 0.002, 0.002, 0.009, 0.006, 0.006, 0.006, 0.007, 0.007, 0.013, 0.0, 0.011, 0.011, 0.02, 0.013, 0.013, 0.018, 0.011, 0.011, 0.016, 0.006, 0.015, 0.015, 0.02, 0.011, 0.011, 0.016, 0.018, 0.009, 0.009, 0.015, 0.03]
Qualifiers (those with delta fst ≥ true delta fst): 3
Total: 126


37348
True delta fst: 0.082
p-value: 0.023809523809523808
Possible delta fsts: [0.082, 0.07, 0.002, 0.012, 0.012, 0.004, 0.048, 0.008, 0.001, 0.001, 0.013, 0.013, 0.006, 0.006, 0.017, 0.022, 0.022, 0.015, 0.021, 0.02, 0.02, 0.097, 0.017, 0.028, 0.028, 0.009, 0.009, 0.019, 0.019, 0.002, 0.018, 0.018, 0.019, 0.015, 0.02, 0.02, 0.003, 0.005, 0.005, 0.009, 0.022, 0.022, 0.019, 0.02, 0.022, 0.022, 0.022, 0.022, 0.018, 0.02, 0.021, 0.021, 0.006, 0.01, 0.01, 0.0, 0.131, 0.038, 0.052, 0.052, 0.028, 0.028, 0.041, 0.041, 0.018, 0.011, 0.011, 0.015, 0.004, 0.015, 0.015, 0.012, 0.023, 0.023, 0.003, 0.018, 0.018, 0.02, 0.013, 0.02, 0.02, 0.02, 0.02, 0.02, 0.017, 0.022, 0.022, 0.016, 0.004, 0.004, 0.011, 0.048, 0.064, 0.064, 0.038, 0.0, 0.0, 0.008, 0.008, 0.004, 0.004, 0.006, 0.006, 0.013, 0.001, 0.01, 0.01, 0.02, 0.015, 0.015, 0.019, 0.015, 0.015, 0.019, 0.009, 0.017, 0.017, 0.02, 0.011, 0.011, 0.017, 0.019, 0.008, 0.008, 0.015, 0.032]
Qualifiers (those with delta fst ≥ true delta fst): 3
Total: 126


37459
True delta fst: 0.047
p-value: 0.031746031746031744
Possible delta fsts: [0.047, 0.047, 0.001, 0.006, 0.001, 0.001, 0.038, 0.004, 0.001, 0.004, 0.004, 0.004, 0.001, 0.004, 0.004, 0.013, 0.012, 0.012, 0.013, 0.013, 0.012, 0.06, 0.007, 0.013, 0.007, 0.007, 0.007, 0.013, 0.007, 0.007, 0.012, 0.012, 0.012, 0.012, 0.012, 0.012, 0.001, 0.006, 0.001, 0.001, 0.013, 0.013, 0.013, 0.013, 0.013, 0.013, 0.013, 0.013, 0.013, 0.013, 0.013, 0.013, 0.001, 0.001, 0.007, 0.001, 0.085, 0.02, 0.029, 0.02, 0.02, 0.02, 0.029, 0.02, 0.02, 0.007, 0.01, 0.01, 0.007, 0.007, 0.01, 0.013, 0.02, 0.013, 0.013, 0.01, 0.012, 0.012, 0.01, 0.01, 0.012, 0.01, 0.012, 0.012, 0.01, 0.01, 0.012, 0.007, 0.007, 0.003, 0.007, 0.029, 0.038, 0.029, 0.029, 0.003, 0.007, 0.007, 0.003, 0.003, 0.007, 0.003, 0.007, 0.007, 0.003, 0.003, 0.007, 0.012, 0.012, 0.009, 0.012, 0.007, 0.01, 0.01, 0.007, 0.007, 0.01, 0.01, 0.01, 0.007, 0.01, 0.01, 0.01, 0.007, 0.01, 0.02]
Qualifiers (those with delta fst ≥ true delta fst): 4
Total: 126


37670
True delta fst: 0.084
p-value: 0.023809523809523808
Possible delta fsts: [0.084, 0.071, 0.002, 0.027, 0.01, 0.003, 0.059, 0.008, 0.018, 0.003, 0.004, 0.013, 0.01, 0.003, 0.008, 0.02, 0.018, 0.015, 0.017, 0.019, 0.019, 0.084, 0.003, 0.036, 0.018, 0.01, 0.002, 0.027, 0.01, 0.003, 0.017, 0.019, 0.017, 0.013, 0.015, 0.019, 0.008, 0.018, 0.003, 0.004, 0.019, 0.019, 0.017, 0.015, 0.018, 0.02, 0.02, 0.018, 0.015, 0.017, 0.019, 0.019, 0.002, 0.003, 0.019, 0.008, 0.113, 0.018, 0.059, 0.036, 0.027, 0.01, 0.047, 0.026, 0.018, 0.012, 0.017, 0.017, 0.003, 0.008, 0.015, 0.003, 0.036, 0.018, 0.01, 0.015, 0.018, 0.018, 0.008, 0.013, 0.018, 0.018, 0.019, 0.018, 0.013, 0.015, 0.019, 0.012, 0.007, 0.005, 0.015, 0.018, 0.059, 0.036, 0.027, 0.008, 0.013, 0.015, 0.003, 0.003, 0.011, 0.012, 0.017, 0.017, 0.003, 0.008, 0.015, 0.017, 0.013, 0.004, 0.019, 0.015, 0.018, 0.018, 0.008, 0.013, 0.018, 0.015, 0.011, 0.0, 0.018, 0.012, 0.007, 0.005, 0.015, 0.039]
Qualifiers (those with delta fst ≥ true delta fst): 3
Total: 126


38129
True delta fst: 0.018
p-value: 0.03968253968253968
Possible delta fsts: [0.018, 0.002, 0.002, 0.002, 0.004, 0.007, 0.002, 0.002, 0.002, 0.004, 0.007, 0.002, 0.002, 0.007, 0.002, 0.002, 0.007, 0.002, 0.007, 0.002, 0.003, 0.008, 0.008, 0.008, 0.015, 0.003, 0.003, 0.003, 0.002, 0.007, 0.003, 0.002, 0.007, 0.002, 0.007, 0.002, 0.003, 0.003, 0.002, 0.007, 0.003, 0.002, 0.007, 0.002, 0.007, 0.002, 0.001, 0.007, 0.004, 0.007, 0.004, 0.002, 0.007, 0.004, 0.002, 0.002, 0.018, 0.018, 0.018, 0.027, 0.002, 0.002, 0.002, 0.004, 0.007, 0.002, 0.004, 0.007, 0.004, 0.007, 0.001, 0.002, 0.002, 0.004, 0.007, 0.002, 0.004, 0.007, 0.004, 0.007, 0.001, 0.002, 0.007, 0.002, 0.007, 0.002, 0.003, 0.007, 0.002, 0.003, 0.003, 0.008, 0.008, 0.015, 0.003, 0.008, 0.015, 0.003, 0.015, 0.003, 0.007, 0.003, 0.002, 0.007, 0.002, 0.007, 0.002, 0.002, 0.007, 0.002, 0.002, 0.003, 0.002, 0.007, 0.002, 0.007, 0.002, 0.002, 0.007, 0.002, 0.002, 0.007, 0.004, 0.002, 0.002, 0.002]
Qualifiers (those with delta fst ≥ true delta fst): 5
Total: 126


39440
True delta fst: 0.018
p-value: 0.03968253968253968
Possible delta fsts: [0.018, 0.002, 0.002, 0.002, 0.004, 0.007, 0.002, 0.002, 0.002, 0.004, 0.007, 0.002, 0.002, 0.007, 0.002, 0.002, 0.007, 0.002, 0.007, 0.002, 0.003, 0.008, 0.008, 0.008, 0.015, 0.003, 0.003, 0.003, 0.002, 0.007, 0.003, 0.002, 0.007, 0.002, 0.007, 0.002, 0.003, 0.003, 0.002, 0.007, 0.003, 0.002, 0.007, 0.002, 0.007, 0.002, 0.001, 0.007, 0.004, 0.007, 0.004, 0.002, 0.007, 0.004, 0.002, 0.002, 0.018, 0.018, 0.018, 0.027, 0.002, 0.002, 0.002, 0.004, 0.007, 0.002, 0.004, 0.007, 0.004, 0.007, 0.001, 0.002, 0.002, 0.004, 0.007, 0.002, 0.004, 0.007, 0.004, 0.007, 0.001, 0.002, 0.007, 0.002, 0.007, 0.002, 0.003, 0.007, 0.002, 0.003, 0.003, 0.008, 0.008, 0.015, 0.003, 0.008, 0.015, 0.003, 0.015, 0.003, 0.007, 0.003, 0.002, 0.007, 0.002, 0.007, 0.002, 0.002, 0.007, 0.002, 0.002, 0.003, 0.002, 0.007, 0.002, 0.007, 0.002, 0.002, 0.007, 0.002, 0.002, 0.007, 0.004, 0.002, 0.002, 0.002]
Qualifiers (those with delta fst ≥ true delta fst): 5
Total: 126


39626
True delta fst: 0.018
p-value: 0.03968253968253968
Possible delta fsts: [0.018, 0.002, 0.002, 0.002, 0.004, 0.007, 0.002, 0.002, 0.002, 0.004, 0.007, 0.002, 0.002, 0.007, 0.002, 0.002, 0.007, 0.002, 0.007, 0.002, 0.003, 0.008, 0.008, 0.008, 0.015, 0.003, 0.003, 0.003, 0.002, 0.007, 0.003, 0.002, 0.007, 0.002, 0.007, 0.002, 0.003, 0.003, 0.002, 0.007, 0.003, 0.002, 0.007, 0.002, 0.007, 0.002, 0.001, 0.007, 0.004, 0.007, 0.004, 0.002, 0.007, 0.004, 0.002, 0.002, 0.018, 0.018, 0.018, 0.027, 0.002, 0.002, 0.002, 0.004, 0.007, 0.002, 0.004, 0.007, 0.004, 0.007, 0.001, 0.002, 0.002, 0.004, 0.007, 0.002, 0.004, 0.007, 0.004, 0.007, 0.001, 0.002, 0.007, 0.002, 0.007, 0.002, 0.003, 0.007, 0.002, 0.003, 0.003, 0.008, 0.008, 0.015, 0.003, 0.008, 0.015, 0.003, 0.015, 0.003, 0.007, 0.003, 0.002, 0.007, 0.002, 0.007, 0.002, 0.002, 0.007, 0.002, 0.002, 0.003, 0.002, 0.007, 0.002, 0.007, 0.002, 0.002, 0.007, 0.002, 0.002, 0.007, 0.004, 0.002, 0.002, 0.002]
Qualifiers (those with delta fst ≥ true delta fst): 5
Total: 126


55307
True delta fst: 0.02
p-value: 0.047619047619047616
Possible delta fsts: [0.02, 0.011, 0.001, 0.034, 0.011, 0.005, 0.003, 0.004, 0.02, 0.003, 0.001, 0.005, 0.011, 0.003, 0.005, 0.001, 0.005, 0.005, 0.011, 0.005, 0.005, 0.003, 0.004, 0.02, 0.003, 0.001, 0.005, 0.011, 0.003, 0.005, 0.001, 0.005, 0.005, 0.011, 0.005, 0.005, 0.005, 0.003, 0.005, 0.005, 0.004, 0.005, 0.003, 0.003, 0.001, 0.005, 0.005, 0.001, 0.003, 0.003, 0.005, 0.004, 0.005, 0.005, 0.003, 0.005, 0.003, 0.004, 0.02, 0.003, 0.001, 0.005, 0.011, 0.003, 0.005, 0.001, 0.005, 0.005, 0.011, 0.005, 0.005, 0.005, 0.003, 0.005, 0.005, 0.004, 0.005, 0.003, 0.003, 0.001, 0.005, 0.005, 0.001, 0.003, 0.003, 0.005, 0.004, 0.005, 0.005, 0.003, 0.005, 0.005, 0.003, 0.005, 0.005, 0.004, 0.005, 0.003, 0.003, 0.001, 0.005, 0.005, 0.001, 0.003, 0.003, 0.005, 0.004, 0.005, 0.005, 0.003, 0.005, 0.005, 0.005, 0.011, 0.005, 0.005, 0.001, 0.005, 0.003, 0.011, 0.005, 0.001, 0.003, 0.02, 0.004, 0.003]
Qualifiers (those with delta fst ≥ true delta fst): 6
Total: 126


68810
True delta fst: 0.008
p-value: 0.007936507936507936
Possible delta fsts: [0.008, 0.003, 0.003, 0.003, 0.0, 0.001, 0.003, 0.003, 0.003, 0.0, 0.001, 0.002, 0.002, 0.001, 0.001, 0.002, 0.001, 0.001, 0.001, 0.001, 0.001, 0.006, 0.006, 0.006, 0.001, 0.004, 0.004, 0.004, 0.001, 0.001, 0.004, 0.001, 0.001, 0.001, 0.001, 0.004, 0.004, 0.004, 0.001, 0.001, 0.004, 0.001, 0.001, 0.001, 0.001, 0.004, 0.004, 0.002, 0.001, 0.002, 0.001, 0.001, 0.002, 0.001, 0.001, 0.001, 0.002, 0.002, 0.002, 0.001, 0.003, 0.002, 0.002, 0.002, 0.001, 0.002, 0.002, 0.001, 0.002, 0.001, 0.0, 0.002, 0.002, 0.002, 0.001, 0.002, 0.002, 0.001, 0.002, 0.001, 0.0, 0.001, 0.001, 0.003, 0.001, 0.003, 0.002, 0.001, 0.003, 0.002, 0.002, 0.002, 0.002, 0.003, 0.001, 0.002, 0.003, 0.001, 0.003, 0.001, 0.001, 0.0, 0.001, 0.002, 0.001, 0.002, 0.002, 0.001, 0.002, 0.002, 0.002, 0.0, 0.001, 0.002, 0.001, 0.002, 0.002, 0.001, 0.002, 0.002, 0.002, 0.003, 0.001, 0.002, 0.002, 0.002]
Qualifiers (those with delta fst ≥ true delta fst): 1
Total: 126


71421
True delta fst: 0.028
p-value: 0.03968253968253968
Possible delta fsts: [0.028, 0.012, 0.019, 0.054, 0.012, 0.012, 0.006, 0.002, 0.016, 0.006, 0.006, 0.008, 0.003, 0.009, 0.009, 0.009, 0.008, 0.008, 0.003, 0.003, 0.009, 0.002, 0.003, 0.028, 0.002, 0.002, 0.005, 0.012, 0.007, 0.007, 0.019, 0.005, 0.005, 0.012, 0.012, 0.007, 0.007, 0.006, 0.006, 0.006, 0.002, 0.007, 0.007, 0.006, 0.006, 0.006, 0.008, 0.002, 0.002, 0.009, 0.009, 0.002, 0.008, 0.008, 0.002, 0.009, 0.005, 0.011, 0.041, 0.005, 0.005, 0.0, 0.023, 0.002, 0.002, 0.03, 0.0, 0.0, 0.023, 0.023, 0.002, 0.009, 0.002, 0.008, 0.008, 0.002, 0.009, 0.009, 0.002, 0.002, 0.008, 0.006, 0.006, 0.006, 0.007, 0.007, 0.002, 0.006, 0.006, 0.006, 0.007, 0.007, 0.005, 0.008, 0.008, 0.011, 0.007, 0.007, 0.005, 0.005, 0.008, 0.0, 0.007, 0.007, 0.002, 0.002, 0.006, 0.0, 0.0, 0.007, 0.002, 0.009, 0.003, 0.003, 0.008, 0.008, 0.009, 0.009, 0.009, 0.003, 0.008, 0.006, 0.006, 0.016, 0.002, 0.006]
Qualifiers (those with delta fst ≥ true delta fst): 5
Total: 126


71772
True delta fst: 0.034
p-value: 0.047619047619047616
Possible delta fsts: [0.034, 0.018, 0.025, 0.074, 0.018, 0.012, 0.003, 0.009, 0.047, 0.003, 0.0, 0.002, 0.029, 0.004, 0.007, 0.037, 0.002, 0.004, 0.029, 0.021, 0.007, 0.002, 0.002, 0.034, 0.002, 0.006, 0.006, 0.018, 0.009, 0.01, 0.025, 0.006, 0.009, 0.018, 0.012, 0.01, 0.011, 0.003, 0.011, 0.011, 0.009, 0.011, 0.011, 0.003, 0.0, 0.011, 0.002, 0.011, 0.009, 0.004, 0.007, 0.006, 0.002, 0.004, 0.009, 0.007, 0.002, 0.002, 0.034, 0.002, 0.006, 0.006, 0.018, 0.009, 0.01, 0.025, 0.006, 0.009, 0.018, 0.012, 0.01, 0.011, 0.003, 0.011, 0.011, 0.009, 0.011, 0.011, 0.003, 0.0, 0.011, 0.002, 0.011, 0.009, 0.004, 0.007, 0.006, 0.002, 0.004, 0.009, 0.007, 0.011, 0.002, 0.011, 0.009, 0.002, 0.011, 0.011, 0.002, 0.006, 0.009, 0.006, 0.009, 0.006, 0.009, 0.01, 0.002, 0.006, 0.009, 0.006, 0.01, 0.011, 0.002, 0.003, 0.011, 0.011, 0.009, 0.011, 0.011, 0.003, 0.011, 0.011, 0.009, 0.016, 0.006, 0.009]
Qualifiers (those with delta fst ≥ true delta fst): 6
Total: 126


71826
True delta fst: 0.02
p-value: 0.047619047619047616
Possible delta fsts: [0.02, 0.007, 0.007, 0.039, 0.014, 0.003, 0.002, 0.002, 0.02, 0.002, 0.004, 0.006, 0.007, 0.004, 0.006, 0.007, 0.004, 0.006, 0.014, 0.003, 0.006, 0.004, 0.004, 0.013, 0.002, 0.006, 0.006, 0.002, 0.006, 0.006, 0.002, 0.006, 0.006, 0.007, 0.001, 0.006, 0.004, 0.004, 0.005, 0.001, 0.004, 0.005, 0.001, 0.002, 0.006, 0.004, 0.006, 0.0, 0.007, 0.006, 0.006, 0.003, 0.006, 0.006, 0.003, 0.006, 0.003, 0.003, 0.029, 0.007, 0.0, 0.004, 0.014, 0.001, 0.005, 0.014, 0.001, 0.005, 0.021, 0.009, 0.004, 0.006, 0.003, 0.006, 0.006, 0.003, 0.006, 0.006, 0.007, 0.0, 0.006, 0.004, 0.006, 0.002, 0.001, 0.005, 0.004, 0.001, 0.005, 0.004, 0.004, 0.006, 0.002, 0.006, 0.004, 0.002, 0.006, 0.004, 0.002, 0.004, 0.006, 0.006, 0.004, 0.002, 0.004, 0.006, 0.002, 0.004, 0.006, 0.002, 0.006, 0.006, 0.003, 0.014, 0.006, 0.004, 0.007, 0.006, 0.004, 0.007, 0.006, 0.004, 0.002, 0.02, 0.002, 0.002]
Qualifiers (those with delta fst ≥ true delta fst): 6
Total: 126


72385
True delta fst: 0.025
p-value: 0.03968253968253968
Possible delta fsts: [0.025, 0.01, 0.017, 0.05, 0.01, 0.017, 0.002, 0.001, 0.025, 0.002, 0.001, 0.005, 0.01, 0.006, 0.005, 0.017, 0.005, 0.002, 0.01, 0.017, 0.005, 0.002, 0.001, 0.025, 0.002, 0.001, 0.005, 0.01, 0.006, 0.005, 0.017, 0.005, 0.002, 0.01, 0.017, 0.005, 0.007, 0.002, 0.006, 0.007, 0.001, 0.007, 0.007, 0.002, 0.001, 0.007, 0.005, 0.003, 0.006, 0.006, 0.005, 0.003, 0.005, 0.002, 0.006, 0.005, 0.002, 0.001, 0.025, 0.002, 0.001, 0.005, 0.01, 0.006, 0.005, 0.017, 0.005, 0.002, 0.01, 0.017, 0.005, 0.007, 0.002, 0.006, 0.007, 0.001, 0.007, 0.007, 0.002, 0.001, 0.007, 0.005, 0.003, 0.006, 0.006, 0.005, 0.003, 0.005, 0.002, 0.006, 0.005, 0.007, 0.002, 0.006, 0.007, 0.001, 0.007, 0.007, 0.002, 0.001, 0.007, 0.005, 0.003, 0.006, 0.006, 0.005, 0.003, 0.005, 0.002, 0.006, 0.005, 0.007, 0.008, 0.003, 0.006, 0.007, 0.008, 0.007, 0.007, 0.003, 0.007, 0.003, 0.006, 0.014, 0.003, 0.006]
Qualifiers (those with delta fst ≥ true delta fst): 5
Total: 126


72838
True delta fst: 0.042
p-value: 0.031746031746031744
Possible delta fsts: [0.042, 0.0, 0.012, 0.042, 0.012, 0.005, 0.008, 0.022, 0.056, 0.022, 0.0, 0.007, 0.008, 0.007, 0.009, 0.022, 0.001, 0.01, 0.022, 0.0, 0.01, 0.005, 0.004, 0.029, 0.004, 0.01, 0.012, 0.005, 0.012, 0.005, 0.004, 0.009, 0.011, 0.004, 0.01, 0.011, 0.011, 0.0, 0.011, 0.009, 0.011, 0.006, 0.012, 0.011, 0.007, 0.012, 0.011, 0.01, 0.004, 0.011, 0.009, 0.004, 0.006, 0.012, 0.005, 0.012, 0.008, 0.022, 0.056, 0.022, 0.0, 0.007, 0.008, 0.007, 0.009, 0.022, 0.001, 0.01, 0.022, 0.0, 0.01, 0.003, 0.016, 0.003, 0.009, 0.032, 0.006, 0.007, 0.032, 0.007, 0.007, 0.003, 0.011, 0.005, 0.003, 0.009, 0.005, 0.006, 0.007, 0.01, 0.007, 0.011, 0.0, 0.011, 0.009, 0.011, 0.006, 0.012, 0.011, 0.007, 0.012, 0.011, 0.01, 0.004, 0.011, 0.009, 0.004, 0.006, 0.012, 0.005, 0.012, 0.008, 0.012, 0.001, 0.008, 0.01, 0.001, 0.001, 0.011, 0.009, 0.011, 0.012, 0.001, 0.02, 0.001, 0.009]
Qualifiers (those with delta fst ≥ true delta fst): 4
Total: 126


73306
True delta fst: 0.042
p-value: 0.031746031746031744
Possible delta fsts: [0.042, 0.0, 0.012, 0.042, 0.012, 0.005, 0.008, 0.022, 0.056, 0.022, 0.0, 0.007, 0.008, 0.007, 0.009, 0.022, 0.001, 0.01, 0.022, 0.0, 0.01, 0.005, 0.004, 0.029, 0.004, 0.01, 0.012, 0.005, 0.012, 0.005, 0.004, 0.009, 0.011, 0.004, 0.01, 0.011, 0.011, 0.0, 0.011, 0.009, 0.011, 0.006, 0.012, 0.011, 0.007, 0.012, 0.011, 0.01, 0.004, 0.011, 0.009, 0.004, 0.006, 0.012, 0.005, 0.012, 0.008, 0.022, 0.056, 0.022, 0.0, 0.007, 0.008, 0.007, 0.009, 0.022, 0.001, 0.01, 0.022, 0.0, 0.01, 0.003, 0.016, 0.003, 0.009, 0.032, 0.006, 0.007, 0.032, 0.007, 0.007, 0.003, 0.011, 0.005, 0.003, 0.009, 0.005, 0.006, 0.007, 0.01, 0.007, 0.011, 0.0, 0.011, 0.009, 0.011, 0.006, 0.012, 0.011, 0.007, 0.012, 0.011, 0.01, 0.004, 0.011, 0.009, 0.004, 0.006, 0.012, 0.005, 0.012, 0.008, 0.012, 0.001, 0.008, 0.01, 0.001, 0.001, 0.011, 0.009, 0.011, 0.012, 0.001, 0.02, 0.001, 0.009]
Qualifiers (those with delta fst ≥ true delta fst): 4
Total: 126


74139
True delta fst: 0.028
p-value: 0.03968253968253968
Possible delta fsts: [0.028, 0.003, 0.009, 0.017, 0.001, 0.001, 0.001, 0.018, 0.028, 0.006, 0.006, 0.006, 0.003, 0.006, 0.006, 0.009, 0.005, 0.005, 0.001, 0.001, 0.007, 0.003, 0.009, 0.017, 0.001, 0.001, 0.007, 0.007, 0.005, 0.005, 0.002, 0.007, 0.007, 0.005, 0.005, 0.007, 0.006, 0.003, 0.006, 0.006, 0.009, 0.005, 0.005, 0.001, 0.001, 0.007, 0.007, 0.001, 0.001, 0.005, 0.005, 0.009, 0.007, 0.007, 0.004, 0.007, 0.008, 0.028, 0.039, 0.013, 0.013, 0.003, 0.001, 0.007, 0.007, 0.017, 0.001, 0.001, 0.004, 0.004, 0.006, 0.001, 0.008, 0.005, 0.005, 0.028, 0.006, 0.006, 0.013, 0.013, 0.003, 0.003, 0.006, 0.006, 0.007, 0.007, 0.001, 0.001, 0.001, 0.007, 0.006, 0.003, 0.001, 0.007, 0.007, 0.017, 0.001, 0.001, 0.004, 0.004, 0.006, 0.007, 0.005, 0.005, 0.007, 0.007, 0.003, 0.005, 0.005, 0.007, 0.007, 0.003, 0.006, 0.006, 0.007, 0.007, 0.001, 0.001, 0.001, 0.007, 0.006, 0.005, 0.005, 0.009, 0.003, 0.007]
Qualifiers (those with delta fst ≥ true delta fst): 5
Total: 126


74862
True delta fst: 0.025
p-value: 0.023809523809523808
Possible delta fsts: [0.025, 0.0, 0.005, 0.004, 0.0, 0.006, 0.016, 0.025, 0.007, 0.016, 0.002, 0.0, 0.006, 0.004, 0.006, 0.004, 0.0, 0.006, 0.006, 0.004, 0.006, 0.003, 0.01, 0.002, 0.003, 0.004, 0.004, 0.004, 0.005, 0.002, 0.006, 0.004, 0.005, 0.004, 0.003, 0.002, 0.003, 0.004, 0.001, 0.006, 0.002, 0.003, 0.004, 0.004, 0.004, 0.006, 0.004, 0.005, 0.002, 0.002, 0.009, 0.002, 0.004, 0.003, 0.002, 0.009, 0.016, 0.025, 0.007, 0.016, 0.002, 0.0, 0.006, 0.004, 0.006, 0.004, 0.0, 0.006, 0.006, 0.004, 0.006, 0.016, 0.002, 0.008, 0.002, 0.007, 0.016, 0.002, 0.002, 0.004, 0.002, 0.006, 0.004, 0.006, 0.006, 0.0, 0.004, 0.006, 0.004, 0.006, 0.0, 0.003, 0.004, 0.001, 0.006, 0.002, 0.003, 0.004, 0.004, 0.004, 0.006, 0.004, 0.005, 0.002, 0.002, 0.009, 0.002, 0.004, 0.003, 0.002, 0.009, 0.004, 0.001, 0.006, 0.006, 0.002, 0.006, 0.004, 0.004, 0.006, 0.002, 0.002, 0.009, 0.002, 0.016, 0.009]
Qualifiers (those with delta fst ≥ true delta fst): 3
Total: 126


75112
True delta fst: 0.045
p-value: 0.023809523809523808
Possible delta fsts: [0.045, 0.004, 0.02, 0.001, 0.004, 0.004, 0.017, 0.056, 0.025, 0.017, 0.017, 0.0, 0.009, 0.01, 0.01, 0.005, 0.0, 0.0, 0.009, 0.009, 0.01, 0.004, 0.02, 0.001, 0.004, 0.004, 0.009, 0.007, 0.004, 0.004, 0.007, 0.009, 0.009, 0.007, 0.007, 0.004, 0.0, 0.009, 0.01, 0.01, 0.005, 0.0, 0.0, 0.009, 0.009, 0.01, 0.009, 0.007, 0.007, 0.005, 0.005, 0.011, 0.009, 0.009, 0.007, 0.005, 0.017, 0.056, 0.025, 0.017, 0.017, 0.0, 0.009, 0.01, 0.01, 0.005, 0.0, 0.0, 0.009, 0.009, 0.01, 0.025, 0.004, 0.0, 0.0, 0.034, 0.025, 0.025, 0.004, 0.004, 0.0, 0.007, 0.009, 0.009, 0.009, 0.009, 0.006, 0.007, 0.007, 0.009, 0.009, 0.0, 0.009, 0.01, 0.01, 0.005, 0.0, 0.0, 0.009, 0.009, 0.01, 0.009, 0.007, 0.007, 0.005, 0.005, 0.011, 0.009, 0.009, 0.007, 0.005, 0.007, 0.009, 0.009, 0.009, 0.009, 0.006, 0.007, 0.007, 0.009, 0.009, 0.0, 0.0, 0.005, 0.027, 0.0]
Qualifiers (those with delta fst ≥ true delta fst): 3
Total: 126


75117
True delta fst: 0.022
p-value: 0.047619047619047616
Possible delta fsts: [0.022, 0.006, 0.012, 0.012, 0.006, 0.001, 0.001, 0.022, 0.022, 0.001, 0.006, 0.006, 0.006, 0.004, 0.008, 0.012, 0.006, 0.001, 0.006, 0.001, 0.008, 0.006, 0.012, 0.012, 0.006, 0.001, 0.008, 0.008, 0.0, 0.006, 0.005, 0.008, 0.004, 0.008, 0.004, 0.006, 0.006, 0.006, 0.004, 0.008, 0.012, 0.006, 0.001, 0.006, 0.001, 0.008, 0.008, 0.0, 0.006, 0.0, 0.006, 0.012, 0.008, 0.004, 0.006, 0.006, 0.003, 0.033, 0.033, 0.003, 0.014, 0.002, 0.002, 0.006, 0.007, 0.021, 0.002, 0.006, 0.002, 0.006, 0.007, 0.003, 0.003, 0.006, 0.004, 0.033, 0.003, 0.014, 0.003, 0.014, 0.004, 0.002, 0.006, 0.007, 0.006, 0.007, 0.0, 0.002, 0.006, 0.007, 0.007, 0.002, 0.002, 0.006, 0.007, 0.021, 0.002, 0.006, 0.002, 0.006, 0.007, 0.006, 0.004, 0.008, 0.004, 0.008, 0.005, 0.006, 0.001, 0.008, 0.008, 0.002, 0.006, 0.007, 0.006, 0.007, 0.0, 0.002, 0.006, 0.007, 0.007, 0.004, 0.008, 0.005, 0.005, 0.008]
Qualifiers (those with delta fst ≥ true delta fst): 6
Total: 126


75127
True delta fst: 0.02
p-value: 0.031746031746031744
Possible delta fsts: [0.02, 0.002, 0.008, 0.005, 0.002, 0.006, 0.012, 0.029, 0.005, 0.012, 0.0, 0.002, 0.006, 0.004, 0.006, 0.002, 0.002, 0.006, 0.006, 0.002, 0.006, 0.001, 0.013, 0.004, 0.001, 0.006, 0.004, 0.004, 0.005, 0.0, 0.006, 0.004, 0.006, 0.004, 0.005, 0.0, 0.007, 0.006, 0.002, 0.006, 0.0, 0.007, 0.004, 0.006, 0.004, 0.006, 0.006, 0.005, 0.004, 0.0, 0.012, 0.005, 0.006, 0.0, 0.004, 0.012, 0.012, 0.029, 0.005, 0.012, 0.0, 0.002, 0.006, 0.004, 0.006, 0.002, 0.002, 0.006, 0.006, 0.002, 0.006, 0.019, 0.0, 0.005, 0.004, 0.01, 0.019, 0.004, 0.0, 0.005, 0.004, 0.005, 0.002, 0.006, 0.006, 0.001, 0.004, 0.005, 0.005, 0.006, 0.001, 0.007, 0.006, 0.002, 0.006, 0.0, 0.007, 0.004, 0.006, 0.004, 0.006, 0.006, 0.005, 0.004, 0.0, 0.012, 0.005, 0.006, 0.0, 0.004, 0.012, 0.004, 0.001, 0.006, 0.006, 0.002, 0.005, 0.004, 0.006, 0.006, 0.002, 0.004, 0.005, 0.0, 0.02, 0.005]
Qualifiers (those with delta fst ≥ true delta fst): 4
Total: 126


75508
True delta fst: 0.029
p-value: 0.03968253968253968
Possible delta fsts: [0.029, 0.002, 0.017, 0.008, 0.002, 0.002, 0.007, 0.039, 0.004, 0.007, 0.023, 0.001, 0.006, 0.006, 0.009, 0.007, 0.001, 0.005, 0.006, 0.008, 0.009, 0.002, 0.021, 0.008, 0.002, 0.005, 0.002, 0.005, 0.003, 0.011, 0.006, 0.002, 0.006, 0.005, 0.006, 0.011, 0.003, 0.009, 0.008, 0.006, 0.006, 0.003, 0.014, 0.009, 0.006, 0.006, 0.001, 0.002, 0.011, 0.023, 0.007, 0.004, 0.001, 0.008, 0.011, 0.007, 0.007, 0.039, 0.004, 0.007, 0.023, 0.001, 0.006, 0.006, 0.009, 0.007, 0.001, 0.005, 0.006, 0.008, 0.009, 0.014, 0.011, 0.006, 0.005, 0.001, 0.014, 0.034, 0.011, 0.003, 0.005, 0.009, 0.006, 0.006, 0.005, 0.002, 0.008, 0.009, 0.006, 0.006, 0.002, 0.003, 0.009, 0.008, 0.006, 0.006, 0.003, 0.014, 0.009, 0.006, 0.006, 0.001, 0.002, 0.011, 0.023, 0.007, 0.004, 0.001, 0.008, 0.011, 0.007, 0.011, 0.008, 0.001, 0.002, 0.002, 0.008, 0.011, 0.002, 0.001, 0.002, 0.014, 0.001, 0.007, 0.029, 0.001]
Qualifiers (those with delta fst ≥ true delta fst): 5
Total: 126


75715
True delta fst: 0.015
p-value: 0.047619047619047616
Possible delta fsts: [0.015, 0.006, 0.0, 0.006, 0.0, 0.0, 0.015, 0.006, 0.015, 0.006, 0.006, 0.0, 0.006, 0.0, 0.0, 0.0, 0.002, 0.002, 0.0, 0.0, 0.002, 0.015, 0.004, 0.015, 0.004, 0.004, 0.001, 0.007, 0.001, 0.001, 0.001, 0.005, 0.005, 0.001, 0.001, 0.005, 0.004, 0.015, 0.004, 0.004, 0.004, 0.003, 0.003, 0.004, 0.004, 0.003, 0.001, 0.005, 0.005, 0.001, 0.001, 0.005, 0.005, 0.005, 0.004, 0.005, 0.0, 0.004, 0.0, 0.004, 0.004, 0.005, 0.004, 0.005, 0.005, 0.005, 0.001, 0.001, 0.005, 0.005, 0.001, 0.004, 0.0, 0.004, 0.004, 0.004, 0.003, 0.003, 0.004, 0.004, 0.003, 0.005, 0.001, 0.001, 0.005, 0.005, 0.001, 0.001, 0.001, 0.007, 0.001, 0.002, 0.004, 0.002, 0.002, 0.002, 0.003, 0.003, 0.002, 0.002, 0.003, 0.002, 0.0, 0.0, 0.002, 0.002, 0.0, 0.0, 0.0, 0.006, 0.0, 0.002, 0.003, 0.003, 0.002, 0.002, 0.003, 0.003, 0.003, 0.0, 0.003, 0.0, 0.0, 0.006, 0.0, 0.006]
Qualifiers (those with delta fst ≥ true delta fst): 6
Total: 126


77887
True delta fst: 0.057
p-value: 0.031746031746031744
Possible delta fsts: [0.057, 0.001, 0.037, 0.01, 0.027, 0.006, 0.003, 0.028, 0.012, 0.02, 0.01, 0.01, 0.008, 0.012, 0.012, 0.015, 0.008, 0.014, 0.016, 0.003, 0.015, 0.003, 0.028, 0.012, 0.02, 0.01, 0.01, 0.008, 0.012, 0.012, 0.015, 0.008, 0.014, 0.016, 0.003, 0.015, 0.012, 0.005, 0.013, 0.01, 0.015, 0.003, 0.015, 0.015, 0.002, 0.015, 0.006, 0.012, 0.001, 0.013, 0.058, 0.006, 0.01, 0.015, 0.012, 0.023, 0.006, 0.046, 0.006, 0.035, 0.001, 0.004, 0.013, 0.008, 0.015, 0.012, 0.019, 0.01, 0.015, 0.008, 0.012, 0.007, 0.012, 0.01, 0.014, 0.015, 0.013, 0.012, 0.015, 0.006, 0.014, 0.005, 0.013, 0.01, 0.001, 0.039, 0.005, 0.015, 0.003, 0.015, 0.008, 0.007, 0.012, 0.01, 0.014, 0.015, 0.013, 0.012, 0.015, 0.006, 0.014, 0.005, 0.013, 0.01, 0.001, 0.039, 0.005, 0.015, 0.003, 0.015, 0.008, 0.001, 0.013, 0.005, 0.006, 0.048, 0.0, 0.013, 0.008, 0.014, 0.015, 0.021, 0.071, 0.013, 0.084, 0.032]
Qualifiers (those with delta fst ≥ true delta fst): 4
Total: 126


77933
True delta fst: 0.027
p-value: 0.047619047619047616
Possible delta fsts: [0.027, 0.007, 0.007, 0.007, 0.007, 0.016, 0.003, 0.003, 0.003, 0.003, 0.004, 0.007, 0.007, 0.007, 0.006, 0.007, 0.007, 0.006, 0.007, 0.006, 0.006, 0.003, 0.003, 0.003, 0.003, 0.004, 0.007, 0.007, 0.007, 0.006, 0.007, 0.007, 0.006, 0.007, 0.006, 0.006, 0.004, 0.004, 0.004, 0.006, 0.004, 0.004, 0.006, 0.004, 0.006, 0.006, 0.009, 0.009, 0.0, 0.009, 0.0, 0.0, 0.009, 0.0, 0.0, 0.0, 0.0, 0.0, 0.0, 0.0, 0.009, 0.006, 0.006, 0.006, 0.004, 0.006, 0.006, 0.004, 0.006, 0.004, 0.004, 0.006, 0.006, 0.006, 0.007, 0.006, 0.006, 0.007, 0.006, 0.007, 0.007, 0.004, 0.004, 0.003, 0.004, 0.003, 0.003, 0.004, 0.003, 0.003, 0.003, 0.006, 0.006, 0.006, 0.007, 0.006, 0.006, 0.007, 0.006, 0.007, 0.007, 0.004, 0.004, 0.003, 0.004, 0.003, 0.003, 0.004, 0.003, 0.003, 0.003, 0.016, 0.016, 0.007, 0.016, 0.007, 0.007, 0.016, 0.007, 0.007, 0.007, 0.043, 0.027, 0.027, 0.027, 0.027]
Qualifiers (those with delta fst ≥ true delta fst): 6
Total: 126


77985
True delta fst: 0.041
p-value: 0.023809523809523808
Possible delta fsts: [0.041, 0.005, 0.005, 0.005, 0.008, 0.001, 0.001, 0.001, 0.001, 0.02, 0.01, 0.006, 0.006, 0.009, 0.009, 0.006, 0.009, 0.009, 0.009, 0.009, 0.006, 0.003, 0.003, 0.003, 0.014, 0.005, 0.003, 0.003, 0.008, 0.007, 0.003, 0.008, 0.007, 0.008, 0.007, 0.006, 0.008, 0.008, 0.008, 0.01, 0.008, 0.008, 0.01, 0.008, 0.01, 0.004, 0.029, 0.008, 0.017, 0.008, 0.017, 0.001, 0.008, 0.017, 0.001, 0.001, 0.008, 0.008, 0.008, 0.029, 0.017, 0.008, 0.008, 0.008, 0.01, 0.008, 0.008, 0.01, 0.008, 0.01, 0.003, 0.008, 0.008, 0.003, 0.008, 0.008, 0.003, 0.008, 0.003, 0.008, 0.003, 0.014, 0.003, 0.004, 0.003, 0.004, 0.007, 0.003, 0.004, 0.007, 0.007, 0.009, 0.009, 0.006, 0.009, 0.009, 0.006, 0.009, 0.006, 0.009, 0.001, 0.02, 0.001, 0.01, 0.001, 0.01, 0.004, 0.001, 0.01, 0.004, 0.004, 0.008, 0.005, 0.001, 0.005, 0.001, 0.008, 0.005, 0.001, 0.008, 0.008, 0.041, 0.057, 0.026, 0.026, 0.026]
Qualifiers (those with delta fst ≥ true delta fst): 3
Total: 126


78239
True delta fst: 0.027
p-value: 0.047619047619047616
Possible delta fsts: [0.027, 0.007, 0.007, 0.007, 0.007, 0.016, 0.003, 0.003, 0.003, 0.003, 0.004, 0.007, 0.007, 0.007, 0.006, 0.007, 0.007, 0.006, 0.007, 0.006, 0.006, 0.003, 0.003, 0.003, 0.003, 0.004, 0.007, 0.007, 0.007, 0.006, 0.007, 0.007, 0.006, 0.007, 0.006, 0.006, 0.004, 0.004, 0.004, 0.006, 0.004, 0.004, 0.006, 0.004, 0.006, 0.006, 0.009, 0.009, 0.0, 0.009, 0.0, 0.0, 0.009, 0.0, 0.0, 0.0, 0.0, 0.0, 0.0, 0.0, 0.009, 0.006, 0.006, 0.006, 0.004, 0.006, 0.006, 0.004, 0.006, 0.004, 0.004, 0.006, 0.006, 0.006, 0.007, 0.006, 0.006, 0.007, 0.006, 0.007, 0.007, 0.004, 0.004, 0.003, 0.004, 0.003, 0.003, 0.004, 0.003, 0.003, 0.003, 0.006, 0.006, 0.006, 0.007, 0.006, 0.006, 0.007, 0.006, 0.007, 0.007, 0.004, 0.004, 0.003, 0.004, 0.003, 0.003, 0.004, 0.003, 0.003, 0.003, 0.016, 0.016, 0.007, 0.016, 0.007, 0.007, 0.016, 0.007, 0.007, 0.007, 0.043, 0.027, 0.027, 0.027, 0.027]
Qualifiers (those with delta fst ≥ true delta fst): 6
Total: 126


78288
True delta fst: 0.027
p-value: 0.047619047619047616
Possible delta fsts: [0.027, 0.007, 0.007, 0.007, 0.007, 0.016, 0.003, 0.003, 0.003, 0.003, 0.004, 0.007, 0.007, 0.007, 0.006, 0.007, 0.007, 0.006, 0.007, 0.006, 0.006, 0.003, 0.003, 0.003, 0.003, 0.004, 0.007, 0.007, 0.007, 0.006, 0.007, 0.007, 0.006, 0.007, 0.006, 0.006, 0.004, 0.004, 0.004, 0.006, 0.004, 0.004, 0.006, 0.004, 0.006, 0.006, 0.009, 0.009, 0.0, 0.009, 0.0, 0.0, 0.009, 0.0, 0.0, 0.0, 0.0, 0.0, 0.0, 0.0, 0.009, 0.006, 0.006, 0.006, 0.004, 0.006, 0.006, 0.004, 0.006, 0.004, 0.004, 0.006, 0.006, 0.006, 0.007, 0.006, 0.006, 0.007, 0.006, 0.007, 0.007, 0.004, 0.004, 0.003, 0.004, 0.003, 0.003, 0.004, 0.003, 0.003, 0.003, 0.006, 0.006, 0.006, 0.007, 0.006, 0.006, 0.007, 0.006, 0.007, 0.007, 0.004, 0.004, 0.003, 0.004, 0.003, 0.003, 0.004, 0.003, 0.003, 0.003, 0.016, 0.016, 0.007, 0.016, 0.007, 0.007, 0.016, 0.007, 0.007, 0.007, 0.043, 0.027, 0.027, 0.027, 0.027]
Qualifiers (those with delta fst ≥ true delta fst): 6
Total: 126


78301
True delta fst: 0.041
p-value: 0.023809523809523808
Possible delta fsts: [0.041, 0.005, 0.005, 0.005, 0.008, 0.001, 0.001, 0.001, 0.001, 0.02, 0.01, 0.006, 0.006, 0.009, 0.009, 0.006, 0.009, 0.009, 0.009, 0.009, 0.006, 0.003, 0.003, 0.003, 0.014, 0.005, 0.003, 0.003, 0.008, 0.007, 0.003, 0.008, 0.007, 0.008, 0.007, 0.006, 0.008, 0.008, 0.008, 0.01, 0.008, 0.008, 0.01, 0.008, 0.01, 0.004, 0.029, 0.008, 0.017, 0.008, 0.017, 0.001, 0.008, 0.017, 0.001, 0.001, 0.008, 0.008, 0.008, 0.029, 0.017, 0.008, 0.008, 0.008, 0.01, 0.008, 0.008, 0.01, 0.008, 0.01, 0.003, 0.008, 0.008, 0.003, 0.008, 0.008, 0.003, 0.008, 0.003, 0.008, 0.003, 0.014, 0.003, 0.004, 0.003, 0.004, 0.007, 0.003, 0.004, 0.007, 0.007, 0.009, 0.009, 0.006, 0.009, 0.009, 0.006, 0.009, 0.006, 0.009, 0.001, 0.02, 0.001, 0.01, 0.001, 0.01, 0.004, 0.001, 0.01, 0.004, 0.004, 0.008, 0.005, 0.001, 0.005, 0.001, 0.008, 0.005, 0.001, 0.008, 0.008, 0.041, 0.057, 0.026, 0.026, 0.026]
Qualifiers (those with delta fst ≥ true delta fst): 3
Total: 126


78852
True delta fst: 0.038
p-value: 0.007936507936507936
Possible delta fsts: [0.038, 0.009, 0.032, 0.032, 0.009, 0.021, 0.002, 0.014, 0.014, 0.002, 0.006, 0.004, 0.004, 0.006, 0.006, 0.01, 0.004, 0.003, 0.004, 0.003, 0.006, 0.005, 0.025, 0.025, 0.005, 0.016, 0.002, 0.002, 0.004, 0.002, 0.02, 0.002, 0.012, 0.002, 0.012, 0.002, 0.006, 0.006, 0.005, 0.007, 0.005, 0.006, 0.0, 0.006, 0.0, 0.007, 0.007, 0.004, 0.007, 0.004, 0.007, 0.001, 0.007, 0.002, 0.007, 0.007, 0.002, 0.014, 0.014, 0.002, 0.006, 0.004, 0.004, 0.006, 0.006, 0.01, 0.004, 0.003, 0.004, 0.003, 0.006, 0.007, 0.007, 0.002, 0.007, 0.001, 0.007, 0.004, 0.007, 0.004, 0.007, 0.007, 0.0, 0.006, 0.0, 0.006, 0.005, 0.007, 0.005, 0.006, 0.006, 0.006, 0.006, 0.005, 0.007, 0.005, 0.006, 0.0, 0.006, 0.0, 0.007, 0.007, 0.004, 0.007, 0.004, 0.007, 0.001, 0.007, 0.002, 0.007, 0.007, 0.006, 0.003, 0.004, 0.003, 0.004, 0.01, 0.006, 0.006, 0.004, 0.004, 0.006, 0.002, 0.014, 0.014, 0.002]
Qualifiers (those with delta fst ≥ true delta fst): 1
Total: 126


79848
True delta fst: 0.018
p-value: 0.03968253968253968
Possible delta fsts: [0.018, 0.005, 0.004, 0.007, 0.004, 0.004, 0.002, 0.01, 0.014, 0.0, 0.0, 0.006, 0.006, 0.004, 0.004, 0.001, 0.006, 0.006, 0.004, 0.004, 0.006, 0.002, 0.01, 0.014, 0.0, 0.0, 0.006, 0.006, 0.004, 0.004, 0.001, 0.006, 0.006, 0.004, 0.004, 0.006, 0.005, 0.004, 0.005, 0.006, 0.007, 0.004, 0.004, 0.002, 0.002, 0.006, 0.006, 0.0, 0.002, 0.001, 0.004, 0.009, 0.006, 0.006, 0.004, 0.004, 0.009, 0.03, 0.034, 0.012, 0.014, 0.001, 0.0, 0.006, 0.006, 0.016, 0.0, 0.002, 0.002, 0.003, 0.005, 0.003, 0.005, 0.004, 0.004, 0.023, 0.005, 0.007, 0.008, 0.01, 0.002, 0.004, 0.006, 0.006, 0.006, 0.006, 0.002, 0.002, 0.001, 0.006, 0.006, 0.003, 0.005, 0.004, 0.004, 0.023, 0.005, 0.007, 0.008, 0.01, 0.002, 0.004, 0.006, 0.006, 0.006, 0.006, 0.002, 0.002, 0.001, 0.006, 0.006, 0.0, 0.006, 0.005, 0.005, 0.005, 0.004, 0.003, 0.004, 0.005, 0.004, 0.006, 0.006, 0.001, 0.0, 0.006]
Qualifiers (those with delta fst ≥ true delta fst): 5
Total: 126


81499
True delta fst: 0.026
p-value: 0.007936507936507936
Possible delta fsts: [0.026, 0.002, 0.002, 0.002, 0.005, 0.002, 0.012, 0.012, 0.012, 0.018, 0.012, 0.004, 0.004, 0.002, 0.004, 0.004, 0.002, 0.004, 0.002, 0.004, 0.002, 0.012, 0.012, 0.012, 0.018, 0.012, 0.004, 0.004, 0.002, 0.004, 0.004, 0.002, 0.004, 0.002, 0.004, 0.002, 0.003, 0.003, 0.007, 0.003, 0.003, 0.007, 0.003, 0.007, 0.003, 0.007, 0.004, 0.004, 0.004, 0.004, 0.004, 0.004, 0.004, 0.004, 0.004, 0.004, 0.007, 0.007, 0.007, 0.012, 0.007, 0.004, 0.004, 0.004, 0.004, 0.004, 0.004, 0.004, 0.004, 0.004, 0.004, 0.001, 0.001, 0.002, 0.001, 0.001, 0.002, 0.001, 0.002, 0.001, 0.002, 0.004, 0.004, 0.004, 0.004, 0.004, 0.004, 0.004, 0.004, 0.004, 0.004, 0.001, 0.001, 0.002, 0.001, 0.001, 0.002, 0.001, 0.002, 0.001, 0.002, 0.004, 0.004, 0.004, 0.004, 0.004, 0.004, 0.004, 0.004, 0.004, 0.004, 0.004, 0.004, 0.004, 0.004, 0.004, 0.004, 0.004, 0.004, 0.004, 0.004, 0.002, 0.001, 0.002, 0.002, 0.002]
Qualifiers (those with delta fst ≥ true delta fst): 1
Total: 126


81840
True delta fst: 0.011
p-value: 0.047619047619047616
Possible delta fsts: [0.011, 0.0, 0.003, 0.002, 0.002, 0.002, 0.0, 0.003, 0.002, 0.002, 0.002, 0.0, 0.003, 0.003, 0.002, 0.002, 0.002, 0.002, 0.002, 0.003, 0.003, 0.011, 0.004, 0.018, 0.018, 0.007, 0.003, 0.002, 0.002, 0.002, 0.002, 0.002, 0.003, 0.006, 0.0, 0.0, 0.003, 0.002, 0.002, 0.002, 0.002, 0.002, 0.003, 0.006, 0.0, 0.0, 0.002, 0.002, 0.002, 0.002, 0.003, 0.003, 0.003, 0.0, 0.0, 0.003, 0.002, 0.002, 0.007, 0.007, 0.0, 0.002, 0.002, 0.002, 0.003, 0.003, 0.003, 0.0, 0.0, 0.003, 0.003, 0.002, 0.002, 0.002, 0.003, 0.003, 0.003, 0.0, 0.0, 0.003, 0.003, 0.002, 0.002, 0.011, 0.003, 0.0, 0.0, 0.0, 0.007, 0.007, 0.002, 0.002, 0.007, 0.007, 0.0, 0.0, 0.0, 0.003, 0.011, 0.002, 0.002, 0.003, 0.003, 0.0, 0.0, 0.003, 0.003, 0.003, 0.002, 0.002, 0.002, 0.003, 0.003, 0.0, 0.0, 0.003, 0.003, 0.003, 0.002, 0.002, 0.002, 0.0, 0.007, 0.007, 0.002, 0.002]
Qualifiers (those with delta fst ≥ true delta fst): 6
Total: 126


82085
True delta fst: 0.032
p-value: 0.007936507936507936
Possible delta fsts: [0.032, 0.012, 0.024, 0.024, 0.014, 0.016, 0.003, 0.012, 0.012, 0.005, 0.006, 0.0, 0.0, 0.0, 0.001, 0.009, 0.001, 0.003, 0.001, 0.003, 0.002, 0.001, 0.007, 0.007, 0.003, 0.001, 0.002, 0.002, 0.001, 0.002, 0.002, 0.002, 0.002, 0.002, 0.002, 0.004, 0.005, 0.005, 0.001, 0.003, 0.004, 0.006, 0.006, 0.006, 0.006, 0.006, 0.006, 0.0, 0.002, 0.0, 0.002, 0.006, 0.008, 0.006, 0.006, 0.006, 0.004, 0.001, 0.001, 0.004, 0.004, 0.006, 0.006, 0.004, 0.006, 0.0, 0.006, 0.004, 0.006, 0.004, 0.007, 0.006, 0.006, 0.002, 0.004, 0.004, 0.008, 0.006, 0.008, 0.006, 0.008, 0.004, 0.0, 0.001, 0.0, 0.001, 0.006, 0.006, 0.004, 0.004, 0.004, 0.006, 0.006, 0.001, 0.003, 0.009, 0.01, 0.01, 0.01, 0.01, 0.007, 0.005, 0.002, 0.0, 0.002, 0.0, 0.01, 0.008, 0.008, 0.005, 0.005, 0.001, 0.009, 0.007, 0.009, 0.007, 0.019, 0.006, 0.004, 0.0, 0.0, 0.014, 0.012, 0.025, 0.025, 0.006]
Qualifiers (those with delta fst ≥ true delta fst): 1
Total: 126


82248
True delta fst: 0.015
p-value: 0.03968253968253968
Possible delta fsts: [0.015, 0.002, 0.006, 0.005, 0.002, 0.002, 0.0, 0.0, 0.005, 0.0, 0.0, 0.006, 0.0, 0.001, 0.001, 0.003, 0.006, 0.006, 0.0, 0.0, 0.001, 0.015, 0.024, 0.004, 0.015, 0.015, 0.006, 0.005, 0.002, 0.002, 0.002, 0.006, 0.006, 0.005, 0.005, 0.002, 0.0, 0.005, 0.0, 0.0, 0.003, 0.0, 0.0, 0.005, 0.005, 0.0, 0.003, 0.006, 0.006, 0.0, 0.0, 0.001, 0.003, 0.003, 0.006, 0.0, 0.006, 0.013, 0.002, 0.006, 0.006, 0.0, 0.006, 0.003, 0.003, 0.001, 0.0, 0.0, 0.006, 0.006, 0.003, 0.004, 0.004, 0.002, 0.002, 0.003, 0.004, 0.004, 0.004, 0.004, 0.002, 0.002, 0.005, 0.005, 0.006, 0.006, 0.002, 0.002, 0.002, 0.005, 0.006, 0.013, 0.002, 0.006, 0.006, 0.007, 0.013, 0.013, 0.002, 0.002, 0.006, 0.001, 0.0, 0.0, 0.006, 0.006, 0.003, 0.001, 0.001, 0.0, 0.006, 0.003, 0.004, 0.004, 0.004, 0.004, 0.002, 0.003, 0.003, 0.004, 0.004, 0.002, 0.002, 0.005, 0.006, 0.002]
Qualifiers (those with delta fst ≥ true delta fst): 5
Total: 126


85781
True delta fst: 0.037
p-value: 0.047619047619047616
Possible delta fsts: [0.037, 0.026, 0.066, 0.037, 0.012, 0.003, 0.001, 0.023, 0.005, 0.009, 0.012, 0.014, 0.001, 0.011, 0.012, 0.023, 0.002, 0.004, 0.009, 0.012, 0.009, 0.001, 0.023, 0.005, 0.009, 0.012, 0.014, 0.001, 0.011, 0.012, 0.023, 0.002, 0.004, 0.009, 0.012, 0.009, 0.006, 0.01, 0.009, 0.004, 0.001, 0.011, 0.013, 0.011, 0.008, 0.006, 0.006, 0.013, 0.011, 0.009, 0.004, 0.014, 0.011, 0.013, 0.006, 0.006, 0.016, 0.052, 0.025, 0.004, 0.002, 0.039, 0.016, 0.001, 0.006, 0.052, 0.023, 0.012, 0.004, 0.002, 0.007, 0.006, 0.006, 0.013, 0.011, 0.014, 0.004, 0.009, 0.011, 0.013, 0.006, 0.006, 0.008, 0.011, 0.013, 0.011, 0.001, 0.004, 0.009, 0.01, 0.006, 0.006, 0.006, 0.013, 0.011, 0.014, 0.004, 0.009, 0.011, 0.013, 0.006, 0.006, 0.008, 0.011, 0.013, 0.011, 0.001, 0.004, 0.009, 0.01, 0.006, 0.009, 0.012, 0.009, 0.004, 0.002, 0.023, 0.012, 0.011, 0.001, 0.014, 0.012, 0.009, 0.005, 0.023, 0.001]
Qualifiers (those with delta fst ≥ true delta fst): 6
Total: 126


86771
True delta fst: 0.015
p-value: 0.03968253968253968
Possible delta fsts: [0.015, 0.015, 0.022, 0.015, 0.002, 0.015, 0.0, 0.004, 0.0, 0.004, 0.0, 0.004, 0.0, 0.004, 0.0, 0.004, 0.003, 0.004, 0.004, 0.0, 0.004, 0.004, 0.009, 0.004, 0.003, 0.004, 0.009, 0.004, 0.003, 0.004, 0.009, 0.001, 0.009, 0.003, 0.004, 0.003, 0.002, 0.004, 0.002, 0.004, 0.002, 0.004, 0.002, 0.002, 0.004, 0.002, 0.002, 0.004, 0.002, 0.002, 0.004, 0.002, 0.004, 0.002, 0.004, 0.002, 0.004, 0.009, 0.004, 0.003, 0.004, 0.009, 0.004, 0.003, 0.004, 0.009, 0.001, 0.009, 0.003, 0.004, 0.003, 0.002, 0.004, 0.002, 0.004, 0.002, 0.004, 0.002, 0.002, 0.004, 0.002, 0.002, 0.004, 0.002, 0.002, 0.004, 0.002, 0.004, 0.002, 0.004, 0.002, 0.0, 0.003, 0.003, 0.003, 0.0, 0.004, 0.0, 0.003, 0.003, 0.003, 0.0, 0.004, 0.0, 0.003, 0.003, 0.003, 0.004, 0.0, 0.004, 0.003, 0.004, 0.0, 0.004, 0.004, 0.003, 0.004, 0.0, 0.004, 0.0, 0.004, 0.0, 0.004, 0.0, 0.004, 0.0]
Qualifiers (those with delta fst ≥ true delta fst): 5
Total: 126


93789
True delta fst: 0.014
p-value: 0.03968253968253968
Possible delta fsts: [0.014, 0.003, 0.006, 0.001, 0.001, 0.001, 0.001, 0.006, 0.007, 0.007, 0.007, 0.001, 0.006, 0.006, 0.006, 0.003, 0.003, 0.003, 0.003, 0.003, 0.003, 0.014, 0.002, 0.021, 0.021, 0.021, 0.006, 0.001, 0.001, 0.001, 0.006, 0.006, 0.006, 0.005, 0.005, 0.005, 0.006, 0.007, 0.007, 0.007, 0.004, 0.004, 0.004, 0.012, 0.012, 0.012, 0.003, 0.003, 0.003, 0.003, 0.003, 0.003, 0.006, 0.006, 0.006, 0.001, 0.003, 0.006, 0.001, 0.001, 0.001, 0.006, 0.006, 0.006, 0.006, 0.001, 0.001, 0.001, 0.004, 0.004, 0.004, 0.001, 0.006, 0.006, 0.006, 0.003, 0.003, 0.003, 0.003, 0.003, 0.003, 0.012, 0.012, 0.012, 0.004, 0.004, 0.004, 0.007, 0.007, 0.007, 0.006, 0.006, 0.001, 0.001, 0.001, 0.006, 0.006, 0.006, 0.005, 0.005, 0.005, 0.001, 0.001, 0.001, 0.004, 0.004, 0.004, 0.003, 0.003, 0.003, 0.003, 0.003, 0.003, 0.003, 0.003, 0.003, 0.003, 0.006, 0.006, 0.006, 0.001, 0.007, 0.007, 0.007, 0.006, 0.001]
Qualifiers (those with delta fst ≥ true delta fst): 5
Total: 126


95050
True delta fst: 0.022
p-value: 0.047619047619047616
Possible delta fsts: [0.022, 0.0, 0.007, 0.004, 0.003, 0.008, 0.004, 0.005, 0.0, 0.009, 0.014, 0.004, 0.007, 0.006, 0.004, 0.001, 0.006, 0.007, 0.007, 0.006, 0.001, 0.022, 0.005, 0.016, 0.03, 0.04, 0.007, 0.004, 0.003, 0.008, 0.007, 0.005, 0.003, 0.0, 0.003, 0.014, 0.005, 0.0, 0.009, 0.014, 0.006, 0.003, 0.0, 0.004, 0.009, 0.022, 0.001, 0.006, 0.007, 0.007, 0.006, 0.001, 0.004, 0.006, 0.007, 0.004, 0.0, 0.007, 0.004, 0.003, 0.008, 0.0, 0.005, 0.007, 0.006, 0.003, 0.004, 0.006, 0.007, 0.007, 0.004, 0.004, 0.007, 0.006, 0.004, 0.001, 0.006, 0.007, 0.007, 0.006, 0.001, 0.022, 0.009, 0.004, 0.0, 0.003, 0.006, 0.014, 0.009, 0.0, 0.005, 0.007, 0.004, 0.003, 0.008, 0.007, 0.005, 0.003, 0.0, 0.003, 0.014, 0.003, 0.004, 0.006, 0.007, 0.007, 0.004, 0.0, 0.004, 0.007, 0.006, 0.001, 0.006, 0.007, 0.007, 0.006, 0.001, 0.004, 0.006, 0.007, 0.004, 0.014, 0.009, 0.0, 0.005, 0.004]
Qualifiers (those with delta fst ≥ true delta fst): 6
Total: 126


96096
True delta fst: 0.03
p-value: 0.023809523809523808
Possible delta fsts: [0.03, 0.003, 0.005, 0.0, 0.008, 0.008, 0.009, 0.002, 0.004, 0.014, 0.014, 0.006, 0.006, 0.004, 0.004, 0.004, 0.006, 0.006, 0.006, 0.006, 0.001, 0.023, 0.005, 0.016, 0.03, 0.03, 0.006, 0.004, 0.003, 0.003, 0.006, 0.005, 0.005, 0.0, 0.0, 0.008, 0.004, 0.0, 0.009, 0.009, 0.006, 0.002, 0.002, 0.004, 0.004, 0.014, 0.001, 0.006, 0.006, 0.006, 0.006, 0.004, 0.004, 0.004, 0.006, 0.006, 0.003, 0.005, 0.0, 0.008, 0.008, 0.004, 0.006, 0.006, 0.006, 0.0, 0.006, 0.006, 0.006, 0.006, 0.004, 0.006, 0.006, 0.004, 0.004, 0.004, 0.006, 0.006, 0.006, 0.006, 0.001, 0.014, 0.004, 0.004, 0.002, 0.002, 0.006, 0.009, 0.009, 0.0, 0.004, 0.006, 0.004, 0.003, 0.003, 0.006, 0.005, 0.005, 0.0, 0.0, 0.008, 0.003, 0.004, 0.004, 0.006, 0.006, 0.006, 0.0, 0.0, 0.006, 0.006, 0.001, 0.006, 0.006, 0.006, 0.006, 0.004, 0.004, 0.004, 0.006, 0.006, 0.014, 0.014, 0.004, 0.002, 0.009]
Qualifiers (those with delta fst ≥ true delta fst): 3
Total: 126


96237
True delta fst: 0.044
p-value: 0.007936507936507936
Possible delta fsts: [0.044, 0.004, 0.009, 0.0, 0.009, 0.009, 0.018, 0.025, 0.013, 0.025, 0.025, 0.003, 0.007, 0.003, 0.003, 0.005, 0.0, 0.0, 0.005, 0.005, 0.0, 0.018, 0.025, 0.013, 0.025, 0.025, 0.003, 0.007, 0.003, 0.003, 0.005, 0.0, 0.0, 0.005, 0.005, 0.0, 0.006, 0.001, 0.006, 0.006, 0.002, 0.011, 0.011, 0.002, 0.002, 0.011, 0.006, 0.007, 0.007, 0.006, 0.006, 0.007, 0.007, 0.007, 0.005, 0.007, 0.004, 0.009, 0.0, 0.009, 0.009, 0.007, 0.005, 0.007, 0.007, 0.007, 0.006, 0.006, 0.007, 0.007, 0.006, 0.003, 0.007, 0.003, 0.003, 0.005, 0.0, 0.0, 0.005, 0.005, 0.0, 0.0, 0.005, 0.005, 0.0, 0.0, 0.005, 0.003, 0.003, 0.007, 0.003, 0.003, 0.007, 0.003, 0.003, 0.005, 0.0, 0.0, 0.005, 0.005, 0.0, 0.0, 0.005, 0.005, 0.0, 0.0, 0.005, 0.003, 0.003, 0.007, 0.003, 0.006, 0.007, 0.007, 0.006, 0.006, 0.007, 0.007, 0.007, 0.005, 0.007, 0.009, 0.009, 0.0, 0.009, 0.004]
Qualifiers (those with delta fst ≥ true delta fst): 1
Total: 126


