gene-IGF2
True delta fst: 0.036
p-value: 0.032467532467532464
Possible delta fsts: [0.036, 0.003, 0.004, 0.019, 0.04, 0.049, 0.005, 0.006, 0.006, 0.003, 0.018, 0.025, 0.005, 0.008, 0.01, 0.006, 0.003, 0.008, 0.01, 0.005, 0.003, 0.008, 0.005, 0.009, 0.01, 0.027, 0.004, 0.001, 0.001, 0.001, 0.012, 0.03, 0.038, 0.001, 0.01, 0.008, 0.001, 0.004, 0.01, 0.008, 0.001, 0.005, 0.01, 0.014, 0.02, 0.006, 0.042, 0.003, 0.006, 0.005, 0.01, 0.008, 0.006, 0.006, 0.01, 0.008, 0.006, 0.006, 0.001, 0.003, 0.01, 0.019, 0.007, 0.005, 0.003, 0.006, 0.008, 0.016, 0.01, 0.01, 0.002, 0.005, 0.006, 0.008, 0.01, 0.01, 0.001, 0.005, 0.007, 0.008, 0.005, 0.01, 0.01, 0.004, 0.007, 0.007, 0.023, 0.047, 0.056, 0.009, 0.008, 0.003, 0.009, 0.014, 0.008, 0.003, 0.01, 0.015, 0.008, 0.027, 0.034, 0.001, 0.06, 0.012, 0.017, 0.008, 0.008, 0.003, 0.001, 0.008, 0.008, 0.003, 0.001, 0.01, 0.008, 0.014, 0.008, 0.032, 0.002, 0.001, 0.004, 0.009, 0.01, 0.005, 0.008, 0.007, 0.005, 0.001, 0.01, 0.01, 0.008, 0.007, 0.005, 0.001, 0.01, 0.01, 0.016, 0.008, 0.006, 0.003, 0.01, 0.006, 0.003, 0.008, 0.01, 0.006, 0.003, 0.008, 0.01, 0.019, 0.025, 0.005, 0.049, 0.005, 0.01, 0.008, 0.01, 0.008, 0.002, 0.005, 0.003, 0.008, 0.01, 0.01, 0.008, 0.005, 0.002, 0.008, 0.01, 0.009, 0.008, 0.028, 0.004, 0.001, 0.012, 0.001, 0.008, 0.008, 0.012, 0.01, 0.008, 0.001, 0.003, 0.008, 0.01, 0.01, 0.008, 0.001, 0.003, 0.008, 0.01, 0.009, 0.01, 0.008, 0.001, 0.001, 0.004, 0.027, 0.01, 0.01, 0.005, 0.008, 0.002, 0.005, 0.01, 0.008, 0.003, 0.005, 0.01, 0.008, 0.003, 0.002, 0.01, 0.028, 0.036, 0.001, 0.01, 0.008, 0.001, 0.003, 0.01, 0.008, 0.001, 0.003, 0.01, 0.012, 0.018, 0.008, 0.039, 0.001, 0.005, 0.004, 0.01, 0.008, 0.006, 0.005, 0.01, 0.008, 0.006, 0.006, 0.001, 0.003, 0.01, 0.017, 0.008, 0.006, 0.005, 0.005, 0.008, 0.018, 0.01, 0.01, 0.003, 0.006, 0.006, 0.008, 0.01, 0.01, 0.003, 0.006, 0.006, 0.008, 0.004, 0.01, 0.01, 0.005, 0.008, 0.01, 0.005, 0.002, 0.008, 0.01, 0.004, 0.001, 0.008, 0.006, 0.01, 0.008, 0.029, 0.003, 0.0, 0.002, 0.008, 0.01, 0.008, 0.008, 0.008, 0.003, 0.001, 0.008, 0.01, 0.008, 0.008, 0.004, 0.001, 0.01, 0.01, 0.014, 0.008, 0.007, 0.001, 0.011, 0.002, 0.005, 0.026, 0.008, 0.01, 0.009, 0.008, 0.003, 0.006, 0.008, 0.01, 0.008, 0.008, 0.003, 0.006, 0.001, 0.008, 0.01, 0.008, 0.009, 0.004, 0.045, 0.006, 0.023, 0.017, 0.01, 0.007, 0.003, 0.006, 0.01, 0.006, 0.003, 0.006, 0.01, 0.01, 0.007, 0.001, 0.006, 0.01, 0.006, 0.003, 0.007, 0.01, 0.016, 0.023, 0.006, 0.045, 0.004, 0.008, 0.008, 0.01, 0.008, 0.001, 0.006, 0.003, 0.008, 0.008, 0.01, 0.008, 0.006, 0.003, 0.008, 0.009, 0.01, 0.008, 0.026, 0.005, 0.002, 0.01, 0.001, 0.007, 0.008, 0.014, 0.01, 0.01, 0.001, 0.004, 0.008, 0.008, 0.01, 0.008, 0.0, 0.003, 0.008, 0.008, 0.007, 0.01, 0.008, 0.003, 0.0, 0.003, 0.03, 0.008, 0.011, 0.006, 0.008, 0.001, 0.004, 0.01, 0.008, 0.001, 0.004, 0.01, 0.008, 0.004, 0.01, 0.01, 0.004, 0.008, 0.006, 0.005, 0.003, 0.01, 0.01, 0.008, 0.006, 0.006, 0.003, 0.01, 0.01, 0.018, 0.008, 0.006, 0.005, 0.006, 0.008, 0.017, 0.01, 0.003, 0.001, 0.006, 0.006, 0.008, 0.01, 0.005, 0.006, 0.008, 0.01, 0.004, 0.005, 0.001, 0.04, 0.007, 0.018, 0.012, 0.01, 0.003, 0.001, 0.008, 0.01, 0.003, 0.001, 0.008, 0.01, 0.001, 0.036, 0.029, 0.01, 0.002, 0.002]
Qualifiers: 15
Total: 462


gene-LOC116513013
True delta fst: 0.011
p-value: 0.010822510822510822
Possible delta fsts: [0.011, 0.003, 0.002, 0.003, 0.002, 0.003, 0.001, 0.004, 0.008, 0.006, 0.008, 0.004, 0.012, 0.003, 0.003, 0.003, 0.001, 0.003, 0.003, 0.003, 0.003, 0.002, 0.003, 0.003, 0.003, 0.003, 0.002, 0.003, 0.002, 0.006, 0.004, 0.006, 0.002, 0.01, 0.003, 0.002, 0.003, 0.001, 0.003, 0.003, 0.003, 0.003, 0.003, 0.003, 0.002, 0.003, 0.003, 0.003, 0.003, 0.0, 0.001, 0.0, 0.002, 0.002, 0.002, 0.004, 0.0, 0.006, 0.002, 0.001, 0.006, 0.0, 0.006, 0.002, 0.001, 0.002, 0.001, 0.003, 0.001, 0.002, 0.003, 0.001, 0.003, 0.001, 0.003, 0.001, 0.003, 0.002, 0.003, 0.003, 0.001, 0.003, 0.003, 0.003, 0.0, 0.004, 0.002, 0.004, 0.0, 0.006, 0.001, 0.001, 0.001, 0.001, 0.003, 0.003, 0.003, 0.001, 0.003, 0.003, 0.001, 0.003, 0.001, 0.003, 0.003, 0.001, 0.002, 0.001, 0.003, 0.0, 0.0, 0.001, 0.001, 0.004, 0.0, 0.002, 0.002, 0.001, 0.004, 0.0, 0.0, 0.0, 0.003, 0.002, 0.0, 0.004, 0.001, 0.003, 0.002, 0.0, 0.002, 0.0, 0.003, 0.0, 0.003, 0.002, 0.0, 0.003, 0.001, 0.002, 0.002, 0.003, 0.002, 0.003, 0.001, 0.001, 0.0, 0.002, 0.002, 0.001, 0.003, 0.002, 0.002, 0.002, 0.001, 0.002, 0.001, 0.004, 0.001, 0.002, 0.006, 0.0, 0.004, 0.001, 0.002, 0.001, 0.002, 0.003, 0.001, 0.003, 0.001, 0.002, 0.003, 0.0, 0.001, 0.003, 0.003, 0.003, 0.002, 0.003, 0.003, 0.002, 0.003, 0.002, 0.003, 0.002, 0.003, 0.0, 0.003, 0.001, 0.002, 0.003, 0.0, 0.002, 0.002, 0.004, 0.008, 0.001, 0.007, 0.0, 0.004, 0.008, 0.001, 0.005, 0.004, 0.004, 0.001, 0.001, 0.0, 0.001, 0.005, 0.01, 0.008, 0.01, 0.006, 0.015, 0.003, 0.003, 0.003, 0.002, 0.003, 0.003, 0.003, 0.003, 0.001, 0.003, 0.003, 0.002, 0.003, 0.001, 0.003, 0.003, 0.002, 0.003, 0.0, 0.006, 0.006, 0.008, 0.003, 0.011, 0.006, 0.002, 0.009, 0.003, 0.011, 0.006, 0.003, 0.003, 0.001, 0.003, 0.003, 0.001, 0.003, 0.001, 0.003, 0.003, 0.003, 0.003, 0.003, 0.003, 0.002, 0.003, 0.003, 0.003, 0.003, 0.003, 0.002, 0.0, 0.002, 0.001, 0.004, 0.004, 0.006, 0.002, 0.009, 0.004, 0.0, 0.008, 0.002, 0.009, 0.004, 0.002, 0.003, 0.0, 0.003, 0.002, 0.0, 0.003, 0.0, 0.003, 0.002, 0.003, 0.002, 0.003, 0.003, 0.003, 0.003, 0.002, 0.003, 0.003, 0.003, 0.001, 0.0, 0.002, 0.002, 0.001, 0.003, 0.001, 0.002, 0.002, 0.001, 0.002, 0.001, 0.004, 0.0, 0.006, 0.002, 0.001, 0.004, 0.001, 0.002, 0.001, 0.002, 0.002, 0.001, 0.003, 0.001, 0.002, 0.002, 0.0, 0.001, 0.001, 0.003, 0.002, 0.003, 0.002, 0.0, 0.001, 0.0, 0.003, 0.002, 0.002, 0.002, 0.0, 0.006, 0.002, 0.001, 0.004, 0.0, 0.006, 0.002, 0.001, 0.001, 0.002, 0.003, 0.001, 0.002, 0.002, 0.002, 0.003, 0.001, 0.003, 0.001, 0.003, 0.001, 0.003, 0.003, 0.001, 0.003, 0.002, 0.003, 0.002, 0.001, 0.003, 0.0, 0.002, 0.003, 0.001, 0.003, 0.0, 0.002, 0.0, 0.002, 0.002, 0.001, 0.004, 0.0, 0.002, 0.002, 0.001, 0.0, 0.001, 0.004, 0.001, 0.004, 0.001, 0.001, 0.004, 0.001, 0.002, 0.001, 0.001, 0.003, 0.001, 0.001, 0.001, 0.003, 0.002, 0.003, 0.001, 0.003, 0.003, 0.001, 0.003, 0.001, 0.003, 0.001, 0.003, 0.001, 0.002, 0.002, 0.001, 0.003, 0.001, 0.001, 0.001, 0.002, 0.006, 0.0, 0.006, 0.001, 0.002, 0.006, 0.0, 0.004, 0.002, 0.002, 0.002, 0.0, 0.001, 0.0, 0.003, 0.003, 0.003, 0.003, 0.002, 0.003, 0.003, 0.003, 0.003, 0.003, 0.003, 0.001, 0.003, 0.002, 0.003, 0.009, 0.002, 0.006, 0.004, 0.006, 0.002]
Qualifiers: 5
Total: 462


gene-NFKBIA
True delta fst: 0.031
p-value: 0.006493506493506494
Possible delta fsts: [0.031, 0.009, 0.002, 0.014, 0.015, 0.007, 0.007, 0.013, 0.002, 0.02, 0.02, 0.012, 0.013, 0.005, 0.002, 0.002, 0.002, 0.002, 0.004, 0.004, 0.005, 0.005, 0.007, 0.001, 0.002, 0.002, 0.002, 0.002, 0.022, 0.007, 0.031, 0.031, 0.02, 0.022, 0.004, 0.007, 0.009, 0.002, 0.002, 0.002, 0.002, 0.004, 0.004, 0.014, 0.007, 0.007, 0.007, 0.007, 0.002, 0.002, 0.013, 0.013, 0.006, 0.006, 0.0, 0.002, 0.002, 0.002, 0.02, 0.011, 0.011, 0.012, 0.013, 0.005, 0.005, 0.005, 0.004, 0.004, 0.002, 0.002, 0.002, 0.002, 0.002, 0.004, 0.004, 0.005, 0.005, 0.005, 0.005, 0.004, 0.001, 0.002, 0.002, 0.002, 0.011, 0.0, 0.017, 0.018, 0.009, 0.011, 0.005, 0.0, 0.001, 0.002, 0.002, 0.004, 0.004, 0.005, 0.005, 0.005, 0.0, 0.0, 0.0, 0.0, 0.003, 0.005, 0.004, 0.004, 0.0, 0.0, 0.004, 0.004, 0.005, 0.005, 0.009, 0.003, 0.003, 0.004, 0.004, 0.0, 0.004, 0.004, 0.0, 0.0, 0.003, 0.005, 0.005, 0.004, 0.004, 0.005, 0.005, 0.003, 0.004, 0.004, 0.004, 0.0, 0.004, 0.004, 0.005, 0.005, 0.003, 0.011, 0.011, 0.004, 0.005, 0.0, 0.0, 0.004, 0.003, 0.017, 0.009, 0.009, 0.009, 0.011, 0.004, 0.005, 0.005, 0.004, 0.004, 0.0, 0.003, 0.003, 0.002, 0.002, 0.004, 0.004, 0.005, 0.005, 0.005, 0.005, 0.004, 0.0, 0.0, 0.004, 0.003, 0.005, 0.005, 0.005, 0.005, 0.004, 0.0, 0.0, 0.0, 0.0, 0.004, 0.004, 0.005, 0.005, 0.005, 0.005, 0.004, 0.003, 0.003, 0.002, 0.0, 0.004, 0.0, 0.0, 0.0, 0.0, 0.004, 0.005, 0.005, 0.005, 0.005, 0.003, 0.004, 0.0, 0.0, 0.005, 0.009, 0.002, 0.014, 0.015, 0.007, 0.007, 0.005, 0.001, 0.0, 0.004, 0.004, 0.005, 0.005, 0.004, 0.004, 0.003, 0.002, 0.002, 0.002, 0.002, 0.004, 0.005, 0.002, 0.002, 0.002, 0.002, 0.004, 0.004, 0.005, 0.005, 0.007, 0.001, 0.002, 0.002, 0.002, 0.002, 0.002, 0.002, 0.001, 0.0, 0.004, 0.005, 0.005, 0.005, 0.005, 0.004, 0.004, 0.002, 0.002, 0.002, 0.002, 0.002, 0.004, 0.004, 0.005, 0.005, 0.004, 0.007, 0.009, 0.002, 0.002, 0.002, 0.002, 0.004, 0.004, 0.014, 0.007, 0.007, 0.007, 0.007, 0.002, 0.004, 0.005, 0.003, 0.003, 0.001, 0.004, 0.004, 0.004, 0.004, 0.005, 0.005, 0.004, 0.004, 0.004, 0.004, 0.002, 0.002, 0.002, 0.004, 0.004, 0.005, 0.005, 0.004, 0.004, 0.002, 0.002, 0.002, 0.002, 0.002, 0.004, 0.004, 0.005, 0.005, 0.005, 0.005, 0.004, 0.001, 0.002, 0.002, 0.002, 0.002, 0.002, 0.001, 0.001, 0.0, 0.006, 0.005, 0.005, 0.004, 0.004, 0.002, 0.002, 0.002, 0.002, 0.005, 0.005, 0.0, 0.001, 0.002, 0.002, 0.004, 0.004, 0.005, 0.005, 0.005, 0.0, 0.0, 0.0, 0.0, 0.003, 0.002, 0.002, 0.002, 0.002, 0.004, 0.005, 0.005, 0.005, 0.005, 0.004, 0.004, 0.002, 0.002, 0.002, 0.002, 0.003, 0.004, 0.004, 0.005, 0.005, 0.004, 0.004, 0.0, 0.0, 0.003, 0.005, 0.005, 0.005, 0.004, 0.005, 0.005, 0.003, 0.004, 0.004, 0.004, 0.0, 0.004, 0.004, 0.005, 0.005, 0.003, 0.009, 0.009, 0.008, 0.008, 0.015, 0.004, 0.004, 0.0, 0.002, 0.004, 0.003, 0.009, 0.009, 0.004, 0.005, 0.005, 0.004, 0.004, 0.0, 0.003, 0.003, 0.002, 0.002, 0.004, 0.004, 0.005, 0.005, 0.005, 0.005, 0.004, 0.0, 0.0, 0.004, 0.003, 0.002, 0.002, 0.002, 0.002, 0.002, 0.007, 0.005, 0.005, 0.004, 0.004, 0.002, 0.002, 0.003, 0.003, 0.005, 0.004, 0.0, 0.0, 0.0, 0.0, 0.004, 0.005, 0.005, 0.005, 0.005, 0.003, 0.004, 0.0, 0.0, 0.005, 0.009, 0.009, 0.016, 0.015, 0.0, 0.009]
Qualifiers: 3
Total: 462


gene-GADD45B
True delta fst: 0.048
p-value: 0.010822510822510822
Possible delta fsts: [0.048, 0.001, 0.003, 0.003, 0.004, 0.02, 0.014, 0.01, 0.016, 0.016, 0.018, 0.04, 0.032, 0.01, 0.01, 0.01, 0.005, 0.008, 0.01, 0.009, 0.001, 0.005, 0.01, 0.001, 0.005, 0.0, 0.004, 0.008, 0.02, 0.027, 0.027, 0.03, 0.054, 0.045, 0.008, 0.008, 0.008, 0.001, 0.003, 0.006, 0.005, 0.006, 0.001, 0.006, 0.005, 0.001, 0.007, 0.003, 0.018, 0.001, 0.001, 0.0, 0.014, 0.008, 0.003, 0.005, 0.021, 0.014, 0.004, 0.02, 0.014, 0.023, 0.016, 0.037, 0.01, 0.01, 0.01, 0.01, 0.01, 0.01, 0.01, 0.01, 0.01, 0.006, 0.01, 0.008, 0.01, 0.008, 0.01, 0.003, 0.008, 0.01, 0.003, 0.001, 0.003, 0.008, 0.008, 0.01, 0.029, 0.021, 0.01, 0.01, 0.01, 0.008, 0.01, 0.01, 0.01, 0.006, 0.008, 0.01, 0.006, 0.008, 0.005, 0.008, 0.002, 0.01, 0.01, 0.008, 0.001, 0.004, 0.008, 0.006, 0.003, 0.001, 0.006, 0.003, 0.001, 0.005, 0.001, 0.016, 0.003, 0.005, 0.01, 0.009, 0.004, 0.01, 0.008, 0.01, 0.01, 0.01, 0.007, 0.01, 0.01, 0.01, 0.01, 0.01, 0.01, 0.01, 0.01, 0.01, 0.006, 0.006, 0.005, 0.007, 0.002, 0.003, 0.001, 0.012, 0.007, 0.002, 0.012, 0.006, 0.014, 0.008, 0.026, 0.008, 0.008, 0.01, 0.01, 0.008, 0.01, 0.01, 0.01, 0.01, 0.008, 0.01, 0.01, 0.01, 0.01, 0.01, 0.006, 0.01, 0.01, 0.006, 0.006, 0.01, 0.01, 0.008, 0.01, 0.01, 0.008, 0.01, 0.008, 0.01, 0.002, 0.01, 0.006, 0.008, 0.005, 0.007, 0.003, 0.005, 0.008, 0.001, 0.003, 0.005, 0.006, 0.002, 0.006, 0.004, 0.01, 0.006, 0.003, 0.01, 0.01, 0.008, 0.006, 0.01, 0.01, 0.01, 0.01, 0.008, 0.008, 0.007, 0.003, 0.001, 0.003, 0.003, 0.004, 0.01, 0.008, 0.006, 0.007, 0.01, 0.01, 0.006, 0.01, 0.01, 0.01, 0.01, 0.01, 0.01, 0.01, 0.01, 0.01, 0.01, 0.01, 0.01, 0.01, 0.01, 0.01, 0.01, 0.01, 0.008, 0.01, 0.004, 0.017, 0.015, 0.001, 0.005, 0.016, 0.001, 0.005, 0.001, 0.003, 0.006, 0.01, 0.003, 0.001, 0.004, 0.001, 0.008, 0.004, 0.001, 0.008, 0.01, 0.01, 0.01, 0.01, 0.008, 0.01, 0.01, 0.01, 0.006, 0.008, 0.01, 0.006, 0.008, 0.005, 0.008, 0.001, 0.008, 0.006, 0.005, 0.002, 0.006, 0.005, 0.001, 0.006, 0.003, 0.01, 0.001, 0.008, 0.005, 0.008, 0.006, 0.01, 0.008, 0.006, 0.01, 0.01, 0.003, 0.004, 0.01, 0.008, 0.004, 0.01, 0.008, 0.01, 0.01, 0.01, 0.007, 0.01, 0.01, 0.01, 0.01, 0.01, 0.01, 0.01, 0.01, 0.01, 0.032, 0.013, 0.019, 0.01, 0.017, 0.001, 0.012, 0.017, 0.002, 0.001, 0.006, 0.012, 0.002, 0.003, 0.003, 0.006, 0.006, 0.008, 0.01, 0.01, 0.008, 0.01, 0.01, 0.01, 0.01, 0.01, 0.01, 0.01, 0.01, 0.008, 0.027, 0.023, 0.006, 0.012, 0.025, 0.007, 0.012, 0.005, 0.01, 0.003, 0.018, 0.003, 0.007, 0.001, 0.005, 0.006, 0.001, 0.005, 0.006, 0.006, 0.01, 0.008, 0.004, 0.001, 0.008, 0.004, 0.0, 0.005, 0.001, 0.01, 0.003, 0.006, 0.004, 0.008, 0.005, 0.01, 0.008, 0.005, 0.01, 0.01, 0.06, 0.034, 0.042, 0.03, 0.039, 0.018, 0.032, 0.04, 0.018, 0.016, 0.023, 0.032, 0.012, 0.01, 0.01, 0.003, 0.001, 0.008, 0.006, 0.001, 0.008, 0.006, 0.008, 0.006, 0.01, 0.003, 0.01, 0.008, 0.01, 0.008, 0.01, 0.01, 0.008, 0.01, 0.01, 0.045, 0.021, 0.029, 0.019, 0.026, 0.008, 0.02, 0.027, 0.008, 0.007, 0.014, 0.019, 0.003, 0.001, 0.003, 0.023, 0.007, 0.012, 0.005, 0.01, 0.003, 0.005, 0.01, 0.003, 0.004, 0.001, 0.005, 0.006, 0.007, 0.006, 0.053, 0.063, 0.036, 0.034, 0.034, 0.026]
Qualifiers: 5
Total: 462


gene-DNAJC22
True delta fst: 0.004
p-value: 0.04112554112554113
Possible delta fsts: [0.004, 0.0, 0.002, 0.002, 0.001, 0.0, 0.0, 0.002, 0.005, 0.002, 0.003, 0.002, 0.002, 0.0, 0.0, 0.0, 0.0, 0.002, 0.002, 0.002, 0.001, 0.0, 0.002, 0.002, 0.0, 0.0, 0.0, 0.0, 0.001, 0.004, 0.002, 0.002, 0.002, 0.001, 0.0, 0.0, 0.0, 0.002, 0.002, 0.002, 0.001, 0.0, 0.0, 0.0, 0.0, 0.0, 0.0, 0.0, 0.002, 0.002, 0.002, 0.0, 0.0, 0.0, 0.002, 0.003, 0.002, 0.002, 0.002, 0.002, 0.002, 0.001, 0.0, 0.0, 0.0, 0.0, 0.0, 0.002, 0.0, 0.0, 0.001, 0.002, 0.002, 0.002, 0.002, 0.002, 0.0, 0.0, 0.0, 0.0, 0.0, 0.0, 0.0, 0.002, 0.003, 0.007, 0.002, 0.005, 0.004, 0.003, 0.002, 0.002, 0.0, 0.0, 0.0, 0.002, 0.003, 0.002, 0.002, 0.002, 0.002, 0.002, 0.0, 0.0, 0.0, 0.005, 0.002, 0.002, 0.002, 0.001, 0.0, 0.006, 0.005, 0.004, 0.002, 0.002, 0.002, 0.003, 0.002, 0.002, 0.002, 0.001, 0.0, 0.0, 0.002, 0.0, 0.0, 0.0, 0.0, 0.002, 0.002, 0.002, 0.002, 0.002, 0.001, 0.0, 0.002, 0.002, 0.0, 0.0, 0.003, 0.002, 0.002, 0.0, 0.0, 0.002, 0.005, 0.004, 0.003, 0.002, 0.002, 0.002, 0.002, 0.002, 0.0, 0.002, 0.0, 0.0, 0.0, 0.0, 0.0, 0.0, 0.002, 0.002, 0.002, 0.002, 0.002, 0.002, 0.0, 0.0, 0.0, 0.0, 0.0, 0.0, 0.002, 0.002, 0.002, 0.002, 0.002, 0.002, 0.002, 0.002, 0.0, 0.0, 0.0, 0.002, 0.002, 0.002, 0.003, 0.002, 0.002, 0.002, 0.002, 0.002, 0.0, 0.002, 0.0, 0.0, 0.0, 0.0, 0.002, 0.0, 0.0, 0.002, 0.002, 0.002, 0.002, 0.0, 0.0, 0.0, 0.0, 0.002, 0.002, 0.001, 0.0, 0.0, 0.0, 0.0, 0.002, 0.002, 0.002, 0.002, 0.0, 0.0, 0.0, 0.0, 0.0, 0.0, 0.002, 0.002, 0.002, 0.0, 0.0, 0.0, 0.0, 0.002, 0.002, 0.002, 0.001, 0.0, 0.002, 0.002, 0.0, 0.0, 0.0, 0.0, 0.0, 0.002, 0.002, 0.002, 0.001, 0.002, 0.002, 0.002, 0.002, 0.002, 0.0, 0.0, 0.0, 0.0, 0.002, 0.002, 0.0, 0.002, 0.002, 0.002, 0.0, 0.0, 0.0, 0.002, 0.002, 0.002, 0.001, 0.0, 0.0, 0.0, 0.0, 0.0, 0.0, 0.0, 0.002, 0.0, 0.002, 0.002, 0.002, 0.002, 0.003, 0.004, 0.002, 0.002, 0.002, 0.0, 0.0, 0.0, 0.002, 0.002, 0.002, 0.002, 0.002, 0.003, 0.002, 0.0, 0.0, 0.0, 0.002, 0.0, 0.0, 0.001, 0.002, 0.002, 0.002, 0.002, 0.002, 0.0, 0.0, 0.0, 0.0, 0.0, 0.0, 0.0, 0.002, 0.001, 0.002, 0.002, 0.002, 0.002, 0.002, 0.004, 0.004, 0.005, 0.002, 0.0, 0.001, 0.002, 0.002, 0.004, 0.002, 0.002, 0.0, 0.0, 0.0, 0.002, 0.003, 0.002, 0.002, 0.002, 0.002, 0.002, 0.0, 0.0, 0.0, 0.0, 0.0, 0.0, 0.002, 0.0, 0.001, 0.002, 0.002, 0.002, 0.002, 0.002, 0.001, 0.0, 0.0, 0.0, 0.0, 0.0, 0.0, 0.001, 0.002, 0.002, 0.002, 0.0, 0.0, 0.002, 0.0, 0.0, 0.0, 0.0, 0.002, 0.002, 0.002, 0.002, 0.002, 0.001, 0.0, 0.002, 0.002, 0.0, 0.0, 0.0, 0.0, 0.0, 0.002, 0.002, 0.002, 0.002, 0.002, 0.003, 0.002, 0.0, 0.0, 0.0, 0.002, 0.002, 0.002, 0.0, 0.0, 0.0, 0.0, 0.0, 0.0, 0.002, 0.002, 0.002, 0.002, 0.002, 0.002, 0.0, 0.0, 0.0, 0.0, 0.0, 0.0, 0.002, 0.0, 0.0, 0.001, 0.002, 0.002, 0.002, 0.002, 0.003, 0.004, 0.002, 0.0, 0.0, 0.001, 0.002, 0.002, 0.002, 0.0, 0.0, 0.0, 0.0, 0.002, 0.0, 0.0, 0.002, 0.002, 0.002, 0.002, 0.0, 0.0, 0.0, 0.002, 0.002, 0.003, 0.002, 0.005, 0.002]
Qualifiers: 19
Total: 462


gene-SPATA20
True delta fst: 0.056
p-value: 0.004329004329004329
Possible delta fsts: [0.056, 0.046, 0.036, 0.032, 0.033, 0.021, 0.029, 0.016, 0.008, 0.006, 0.007, 0.0, 0.004, 0.003, 0.001, 0.002, 0.004, 0.0, 0.004, 0.003, 0.008, 0.004, 0.004, 0.008, 0.006, 0.008, 0.006, 0.009, 0.033, 0.023, 0.02, 0.021, 0.012, 0.018, 0.016, 0.014, 0.014, 0.006, 0.011, 0.007, 0.007, 0.001, 0.005, 0.005, 0.001, 0.003, 0.001, 0.003, 0.003, 0.003, 0.004, 0.004, 0.008, 0.006, 0.008, 0.008, 0.01, 0.008, 0.008, 0.01, 0.009, 0.01, 0.009, 0.01, 0.01, 0.009, 0.01, 0.01, 0.01, 0.01, 0.01, 0.01, 0.01, 0.01, 0.01, 0.01, 0.01, 0.01, 0.01, 0.01, 0.01, 0.01, 0.008, 0.009, 0.061, 0.049, 0.045, 0.046, 0.033, 0.041, 0.04, 0.036, 0.036, 0.025, 0.032, 0.026, 0.027, 0.016, 0.023, 0.023, 0.014, 0.02, 0.014, 0.021, 0.011, 0.011, 0.008, 0.009, 0.001, 0.007, 0.003, 0.003, 0.003, 0.001, 0.001, 0.004, 0.001, 0.004, 0.001, 0.006, 0.002, 0.001, 0.006, 0.003, 0.003, 0.008, 0.004, 0.006, 0.004, 0.008, 0.006, 0.01, 0.008, 0.009, 0.008, 0.01, 0.01, 0.008, 0.01, 0.01, 0.027, 0.023, 0.025, 0.014, 0.021, 0.016, 0.016, 0.007, 0.013, 0.014, 0.005, 0.01, 0.005, 0.011, 0.003, 0.009, 0.01, 0.003, 0.007, 0.007, 0.001, 0.005, 0.001, 0.005, 0.001, 0.002, 0.004, 0.0, 0.004, 0.0, 0.005, 0.004, 0.002, 0.006, 0.006, 0.006, 0.006, 0.009, 0.008, 0.008, 0.01, 0.008, 0.01, 0.008, 0.01, 0.01, 0.01, 0.01, 0.01, 0.01, 0.01, 0.01, 0.01, 0.01, 0.01, 0.01, 0.01, 0.01, 0.01, 0.01, 0.01, 0.01, 0.01, 0.01, 0.01, 0.008, 0.01, 0.008, 0.008, 0.006, 0.005, 0.001, 0.002, 0.002, 0.006, 0.004, 0.004, 0.006, 0.006, 0.008, 0.006, 0.008, 0.008, 0.01, 0.009, 0.009, 0.01, 0.01, 0.01, 0.01, 0.01, 0.01, 0.01, 0.01, 0.009, 0.01, 0.01, 0.01, 0.006, 0.009, 0.009, 0.006, 0.008, 0.006, 0.008, 0.004, 0.008, 0.008, 0.004, 0.006, 0.007, 0.003, 0.006, 0.003, 0.006, 0.001, 0.004, 0.002, 0.002, 0.001, 0.002, 0.003, 0.003, 0.001, 0.006, 0.005, 0.008, 0.009, 0.008, 0.01, 0.01, 0.01, 0.01, 0.01, 0.01, 0.01, 0.01, 0.01, 0.01, 0.01, 0.01, 0.01, 0.01, 0.01, 0.01, 0.01, 0.009, 0.01, 0.009, 0.01, 0.008, 0.009, 0.006, 0.008, 0.006, 0.008, 0.006, 0.006, 0.008, 0.004, 0.004, 0.004, 0.004, 0.001, 0.002, 0.002, 0.003, 0.001, 0.003, 0.001, 0.005, 0.002, 0.01, 0.005, 0.009, 0.004, 0.012, 0.012, 0.007, 0.014, 0.014, 0.007, 0.016, 0.01, 0.015, 0.009, 0.018, 0.018, 0.012, 0.021, 0.02, 0.027, 0.02, 0.031, 0.029, 0.033, 0.001, 0.001, 0.0, 0.006, 0.002, 0.005, 0.004, 0.008, 0.006, 0.006, 0.009, 0.008, 0.008, 0.006, 0.01, 0.008, 0.008, 0.01, 0.008, 0.008, 0.01, 0.009, 0.01, 0.009, 0.01, 0.01, 0.01, 0.01, 0.01, 0.01, 0.01, 0.01, 0.01, 0.01, 0.01, 0.01, 0.01, 0.008, 0.01, 0.01, 0.007, 0.009, 0.008, 0.009, 0.006, 0.008, 0.004, 0.006, 0.004, 0.006, 0.002, 0.002, 0.006, 0.001, 0.001, 0.006, 0.0, 0.004, 0.0, 0.004, 0.002, 0.001, 0.002, 0.003, 0.003, 0.007, 0.003, 0.01, 0.009, 0.012, 0.01, 0.01, 0.01, 0.01, 0.01, 0.01, 0.01, 0.01, 0.01, 0.01, 0.01, 0.009, 0.01, 0.01, 0.01, 0.008, 0.008, 0.01, 0.008, 0.008, 0.01, 0.008, 0.009, 0.008, 0.01, 0.006, 0.006, 0.008, 0.006, 0.006, 0.003, 0.006, 0.001, 0.002, 0.0, 0.0, 0.007, 0.003, 0.007, 0.002, 0.009, 0.009, 0.003, 0.012, 0.011, 0.016, 0.01, 0.02, 0.018, 0.022, 0.023, 0.016, 0.027, 0.025, 0.029, 0.04]
Qualifiers: 2
Total: 462


gene-GPX3
True delta fst: 0.015
p-value: 0.047619047619047616
Possible delta fsts: [0.015, 0.0, 0.005, 0.011, 0.0, 0.005, 0.002, 0.011, 0.0, 0.029, 0.011, 0.002, 0.007, 0.005, 0.007, 0.002, 0.005, 0.004, 0.002, 0.005, 0.0, 0.005, 0.007, 0.004, 0.004, 0.005, 0.004, 0.004, 0.009, 0.0, 0.026, 0.009, 0.002, 0.006, 0.005, 0.005, 0.004, 0.004, 0.004, 0.002, 0.005, 0.0, 0.005, 0.005, 0.004, 0.003, 0.004, 0.004, 0.004, 0.002, 0.02, 0.005, 0.004, 0.003, 0.007, 0.002, 0.005, 0.004, 0.02, 0.003, 0.016, 0.004, 0.003, 0.004, 0.004, 0.004, 0.003, 0.004, 0.002, 0.005, 0.0, 0.004, 0.005, 0.002, 0.004, 0.004, 0.004, 0.003, 0.004, 0.005, 0.005, 0.0, 0.005, 0.002, 0.011, 0.0, 0.029, 0.011, 0.002, 0.007, 0.005, 0.007, 0.002, 0.005, 0.004, 0.002, 0.005, 0.0, 0.005, 0.007, 0.004, 0.004, 0.005, 0.004, 0.004, 0.002, 0.022, 0.007, 0.004, 0.004, 0.009, 0.002, 0.005, 0.003, 0.022, 0.005, 0.018, 0.004, 0.004, 0.004, 0.004, 0.005, 0.002, 0.004, 0.003, 0.004, 0.001, 0.004, 0.004, 0.003, 0.004, 0.004, 0.004, 0.002, 0.004, 0.004, 0.004, 0.001, 0.005, 0.003, 0.002, 0.02, 0.005, 0.004, 0.003, 0.007, 0.002, 0.005, 0.004, 0.02, 0.003, 0.016, 0.004, 0.003, 0.004, 0.004, 0.004, 0.003, 0.004, 0.002, 0.005, 0.0, 0.004, 0.005, 0.002, 0.004, 0.004, 0.004, 0.003, 0.004, 0.005, 0.005, 0.0, 0.005, 0.002, 0.004, 0.004, 0.004, 0.004, 0.015, 0.0, 0.012, 0.005, 0.0, 0.005, 0.004, 0.004, 0.002, 0.004, 0.004, 0.004, 0.0, 0.012, 0.002, 0.005, 0.005, 0.002, 0.005, 0.006, 0.002, 0.009, 0.005, 0.002, 0.005, 0.0, 0.002, 0.005, 0.002, 0.009, 0.005, 0.004, 0.003, 0.018, 0.004, 0.004, 0.002, 0.004, 0.001, 0.004, 0.003, 0.005, 0.004, 0.004, 0.004, 0.004, 0.001, 0.005, 0.0, 0.003, 0.005, 0.002, 0.004, 0.014, 0.002, 0.005, 0.0, 0.002, 0.004, 0.004, 0.005, 0.014, 0.0, 0.011, 0.005, 0.0, 0.005, 0.005, 0.004, 0.007, 0.002, 0.002, 0.005, 0.002, 0.002, 0.005, 0.0, 0.005, 0.002, 0.005, 0.007, 0.002, 0.011, 0.005, 0.002, 0.005, 0.0, 0.004, 0.012, 0.0, 0.005, 0.002, 0.002, 0.004, 0.004, 0.005, 0.012, 0.002, 0.009, 0.005, 0.002, 0.005, 0.005, 0.002, 0.009, 0.002, 0.002, 0.005, 0.004, 0.0, 0.005, 0.002, 0.005, 0.002, 0.005, 0.009, 0.002, 0.012, 0.005, 0.004, 0.004, 0.002, 0.001, 0.005, 0.002, 0.005, 0.008, 0.003, 0.005, 0.005, 0.004, 0.004, 0.001, 0.005, 0.002, 0.002, 0.005, 0.0, 0.003, 0.005, 0.004, 0.004, 0.005, 0.001, 0.004, 0.013, 0.002, 0.017, 0.004, 0.004, 0.004, 0.005, 0.001, 0.004, 0.003, 0.017, 0.004, 0.004, 0.014, 0.002, 0.005, 0.0, 0.002, 0.004, 0.004, 0.005, 0.014, 0.0, 0.011, 0.005, 0.0, 0.005, 0.005, 0.004, 0.007, 0.002, 0.002, 0.005, 0.002, 0.002, 0.005, 0.0, 0.005, 0.002, 0.005, 0.007, 0.002, 0.011, 0.005, 0.002, 0.005, 0.0, 0.0, 0.005, 0.002, 0.005, 0.009, 0.002, 0.007, 0.005, 0.002, 0.005, 0.0, 0.005, 0.002, 0.002, 0.005, 0.0, 0.002, 0.007, 0.004, 0.005, 0.005, 0.0, 0.005, 0.011, 0.0, 0.015, 0.004, 0.004, 0.004, 0.003, 0.0, 0.005, 0.002, 0.015, 0.004, 0.001, 0.005, 0.002, 0.005, 0.008, 0.003, 0.005, 0.005, 0.004, 0.004, 0.001, 0.005, 0.002, 0.002, 0.005, 0.0, 0.003, 0.005, 0.004, 0.004, 0.005, 0.001, 0.004, 0.013, 0.002, 0.017, 0.004, 0.004, 0.004, 0.005, 0.001, 0.004, 0.003, 0.017, 0.004, 0.003, 0.005, 0.004, 0.001, 0.004, 0.003, 0.004, 0.002, 0.005, 0.004, 0.005, 0.004, 0.004, 0.003, 0.005, 0.004, 0.004, 0.007, 0.022, 0.002, 0.007]
Qualifiers: 22
Total: 462


gene-ATP5F1A
True delta fst: 0.009
p-value: 0.023809523809523808
Possible delta fsts: [0.009, 0.004, 0.002, 0.006, 0.001, 0.007, 0.009, 0.0, 0.002, 0.0, 0.002, 0.002, 0.002, 0.002, 0.002, 0.002, 0.001, 0.0, 0.002, 0.001, 0.002, 0.002, 0.002, 0.0, 0.0, 0.002, 0.002, 0.002, 0.004, 0.0, 0.005, 0.002, 0.006, 0.008, 0.001, 0.002, 0.002, 0.002, 0.004, 0.0, 0.002, 0.0, 0.002, 0.002, 0.004, 0.006, 0.002, 0.001, 0.007, 0.002, 0.002, 0.002, 0.002, 0.0, 0.002, 0.0, 0.002, 0.002, 0.002, 0.0, 0.0, 0.002, 0.002, 0.0, 0.002, 0.002, 0.002, 0.002, 0.001, 0.002, 0.002, 0.002, 0.002, 0.001, 0.0, 0.002, 0.002, 0.0, 0.0, 0.002, 0.002, 0.002, 0.0, 0.002, 0.0, 0.002, 0.0, 0.002, 0.002, 0.003, 0.002, 0.001, 0.002, 0.0, 0.0, 0.002, 0.001, 0.002, 0.002, 0.002, 0.0, 0.002, 0.002, 0.002, 0.002, 0.002, 0.002, 0.0, 0.002, 0.002, 0.002, 0.003, 0.002, 0.002, 0.0, 0.002, 0.002, 0.001, 0.002, 0.002, 0.0, 0.007, 0.001, 0.002, 0.002, 0.002, 0.002, 0.002, 0.0, 0.002, 0.005, 0.002, 0.002, 0.004, 0.002, 0.002, 0.0, 0.0, 0.002, 0.001, 0.002, 0.002, 0.002, 0.001, 0.0, 0.002, 0.0, 0.002, 0.002, 0.002, 0.0, 0.0, 0.002, 0.002, 0.002, 0.002, 0.002, 0.002, 0.002, 0.001, 0.002, 0.002, 0.002, 0.002, 0.001, 0.0, 0.002, 0.002, 0.0, 0.001, 0.002, 0.002, 0.002, 0.0, 0.002, 0.0, 0.008, 0.0, 0.002, 0.004, 0.002, 0.002, 0.002, 0.002, 0.002, 0.006, 0.002, 0.002, 0.005, 0.004, 0.002, 0.001, 0.0, 0.002, 0.0, 0.011, 0.0, 0.0, 0.009, 0.007, 0.001, 0.004, 0.002, 0.002, 0.002, 0.007, 0.006, 0.002, 0.004, 0.0, 0.004, 0.002, 0.006, 0.001, 0.007, 0.009, 0.0, 0.002, 0.002, 0.004, 0.005, 0.0, 0.002, 0.002, 0.002, 0.002, 0.005, 0.007, 0.002, 0.0, 0.008, 0.002, 0.002, 0.002, 0.001, 0.0, 0.002, 0.001, 0.002, 0.002, 0.002, 0.0, 0.0, 0.002, 0.002, 0.002, 0.002, 0.002, 0.002, 0.002, 0.002, 0.002, 0.001, 0.002, 0.002, 0.0, 0.0, 0.002, 0.002, 0.0, 0.001, 0.002, 0.002, 0.002, 0.0, 0.002, 0.001, 0.002, 0.002, 0.002, 0.004, 0.0, 0.002, 0.0, 0.002, 0.002, 0.004, 0.006, 0.002, 0.001, 0.007, 0.002, 0.002, 0.002, 0.001, 0.002, 0.001, 0.002, 0.002, 0.002, 0.003, 0.002, 0.0, 0.0, 0.002, 0.002, 0.0, 0.002, 0.002, 0.005, 0.002, 0.002, 0.002, 0.002, 0.002, 0.001, 0.002, 0.002, 0.002, 0.002, 0.001, 0.0, 0.002, 0.002, 0.0, 0.0, 0.002, 0.002, 0.002, 0.0, 0.002, 0.004, 0.002, 0.002, 0.003, 0.002, 0.002, 0.0, 0.001, 0.002, 0.002, 0.002, 0.0, 0.002, 0.0, 0.002, 0.002, 0.001, 0.002, 0.0, 0.0, 0.002, 0.001, 0.002, 0.002, 0.002, 0.0, 0.002, 0.002, 0.002, 0.002, 0.002, 0.0, 0.002, 0.002, 0.002, 0.002, 0.001, 0.002, 0.002, 0.0, 0.0, 0.002, 0.002, 0.0, 0.002, 0.002, 0.002, 0.002, 0.0, 0.002, 0.0, 0.007, 0.001, 0.002, 0.002, 0.002, 0.002, 0.002, 0.0, 0.002, 0.005, 0.002, 0.002, 0.004, 0.002, 0.002, 0.0, 0.0, 0.002, 0.001, 0.009, 0.0, 0.001, 0.008, 0.006, 0.002, 0.003, 0.002, 0.002, 0.0, 0.006, 0.004, 0.002, 0.004, 0.0, 0.002, 0.002, 0.002, 0.002, 0.001, 0.002, 0.002, 0.002, 0.002, 0.001, 0.0, 0.002, 0.002, 0.0, 0.001, 0.002, 0.002, 0.002, 0.0, 0.002, 0.004, 0.002, 0.002, 0.002, 0.002, 0.002, 0.0, 0.002, 0.002, 0.002, 0.002, 0.0, 0.002, 0.0, 0.002, 0.011, 0.0, 0.0, 0.009, 0.007, 0.001, 0.004, 0.002, 0.002, 0.002, 0.007, 0.006, 0.002, 0.004, 0.0, 0.012, 0.01, 0.0, 0.009, 0.004, 0.006]
Qualifiers: 11
Total: 462


gene-HSPH1
True delta fst: 0.034
p-value: 0.006493506493506494
Possible delta fsts: [0.034, 0.014, 0.012, 0.021, 0.021, 0.025, 0.024, 0.023, 0.021, 0.032, 0.03, 0.036, 0.035, 0.006, 0.012, 0.012, 0.016, 0.015, 0.011, 0.01, 0.014, 0.013, 0.019, 0.023, 0.021, 0.023, 0.021, 0.026, 0.002, 0.001, 0.007, 0.006, 0.01, 0.008, 0.005, 0.003, 0.003, 0.001, 0.002, 0.003, 0.004, 0.003, 0.003, 0.001, 0.002, 0.001, 0.001, 0.001, 0.003, 0.003, 0.001, 0.001, 0.003, 0.003, 0.001, 0.001, 0.002, 0.001, 0.005, 0.008, 0.008, 0.008, 0.007, 0.01, 0.006, 0.006, 0.005, 0.005, 0.004, 0.003, 0.003, 0.003, 0.003, 0.001, 0.005, 0.003, 0.003, 0.003, 0.003, 0.003, 0.001, 0.0, 0.003, 0.002, 0.006, 0.004, 0.01, 0.01, 0.014, 0.013, 0.004, 0.001, 0.001, 0.001, 0.001, 0.001, 0.002, 0.001, 0.001, 0.003, 0.005, 0.004, 0.005, 0.004, 0.007, 0.001, 0.004, 0.004, 0.006, 0.006, 0.003, 0.003, 0.005, 0.005, 0.008, 0.012, 0.012, 0.012, 0.01, 0.014, 0.005, 0.005, 0.004, 0.004, 0.002, 0.001, 0.001, 0.001, 0.001, 0.001, 0.003, 0.001, 0.001, 0.001, 0.001, 0.001, 0.003, 0.003, 0.006, 0.005, 0.006, 0.006, 0.006, 0.005, 0.005, 0.006, 0.006, 0.005, 0.006, 0.005, 0.003, 0.003, 0.003, 0.004, 0.003, 0.005, 0.005, 0.005, 0.005, 0.006, 0.006, 0.006, 0.006, 0.006, 0.006, 0.006, 0.006, 0.006, 0.006, 0.006, 0.006, 0.006, 0.006, 0.005, 0.006, 0.006, 0.006, 0.006, 0.006, 0.006, 0.005, 0.006, 0.006, 0.006, 0.005, 0.006, 0.006, 0.006, 0.006, 0.006, 0.005, 0.004, 0.005, 0.003, 0.003, 0.004, 0.005, 0.005, 0.005, 0.005, 0.005, 0.006, 0.006, 0.006, 0.006, 0.006, 0.006, 0.006, 0.006, 0.006, 0.003, 0.004, 0.001, 0.001, 0.001, 0.001, 0.006, 0.006, 0.006, 0.005, 0.005, 0.006, 0.006, 0.006, 0.006, 0.005, 0.003, 0.003, 0.003, 0.004, 0.003, 0.006, 0.004, 0.004, 0.003, 0.003, 0.005, 0.005, 0.003, 0.003, 0.001, 0.001, 0.001, 0.001, 0.001, 0.002, 0.006, 0.006, 0.006, 0.006, 0.006, 0.006, 0.006, 0.006, 0.006, 0.005, 0.006, 0.006, 0.006, 0.006, 0.006, 0.005, 0.004, 0.005, 0.003, 0.003, 0.003, 0.005, 0.005, 0.006, 0.006, 0.005, 0.005, 0.006, 0.005, 0.006, 0.006, 0.006, 0.006, 0.006, 0.006, 0.003, 0.003, 0.001, 0.001, 0.001, 0.003, 0.003, 0.003, 0.003, 0.004, 0.001, 0.003, 0.003, 0.003, 0.002, 0.003, 0.005, 0.005, 0.006, 0.006, 0.003, 0.001, 0.003, 0.003, 0.005, 0.006, 0.005, 0.005, 0.005, 0.006, 0.005, 0.005, 0.005, 0.005, 0.005, 0.006, 0.006, 0.006, 0.006, 0.006, 0.004, 0.001, 0.002, 0.002, 0.003, 0.001, 0.003, 0.002, 0.003, 0.003, 0.001, 0.001, 0.003, 0.003, 0.005, 0.005, 0.006, 0.006, 0.006, 0.006, 0.006, 0.006, 0.006, 0.006, 0.006, 0.006, 0.006, 0.006, 0.006, 0.005, 0.001, 0.0, 0.002, 0.001, 0.003, 0.005, 0.005, 0.005, 0.005, 0.005, 0.003, 0.005, 0.004, 0.004, 0.004, 0.005, 0.006, 0.006, 0.006, 0.006, 0.004, 0.004, 0.005, 0.005, 0.006, 0.006, 0.006, 0.006, 0.006, 0.006, 0.005, 0.006, 0.006, 0.006, 0.006, 0.006, 0.006, 0.006, 0.006, 0.006, 0.001, 0.001, 0.001, 0.001, 0.001, 0.003, 0.004, 0.004, 0.005, 0.005, 0.003, 0.003, 0.005, 0.005, 0.006, 0.01, 0.01, 0.008, 0.008, 0.004, 0.001, 0.002, 0.002, 0.003, 0.001, 0.006, 0.003, 0.003, 0.003, 0.004, 0.001, 0.001, 0.001, 0.003, 0.003, 0.021, 0.017, 0.018, 0.017, 0.019, 0.014, 0.01, 0.01, 0.007, 0.008, 0.012, 0.012, 0.008, 0.01, 0.003, 0.012, 0.008, 0.01, 0.01, 0.01, 0.007, 0.003, 0.004, 0.001, 0.001, 0.004, 0.005, 0.003, 0.003, 0.001, 0.019, 0.021, 0.016, 0.017, 0.01, 0.01]
Qualifiers: 3
Total: 462


gene-HSPA13
True delta fst: 0.019
p-value: 0.023809523809523808
Possible delta fsts: [0.019, 0.001, 0.003, 0.014, 0.012, 0.001, 0.001, 0.001, 0.003, 0.014, 0.012, 0.001, 0.001, 0.003, 0.001, 0.001, 0.004, 0.004, 0.004, 0.004, 0.003, 0.002, 0.008, 0.001, 0.001, 0.002, 0.003, 0.004, 0.006, 0.001, 0.021, 0.019, 0.005, 0.004, 0.004, 0.003, 0.001, 0.004, 0.004, 0.003, 0.003, 0.004, 0.004, 0.014, 0.002, 0.001, 0.001, 0.001, 0.004, 0.004, 0.003, 0.001, 0.004, 0.004, 0.003, 0.003, 0.004, 0.004, 0.014, 0.002, 0.001, 0.001, 0.001, 0.004, 0.003, 0.003, 0.005, 0.006, 0.001, 0.004, 0.004, 0.004, 0.004, 0.001, 0.004, 0.003, 0.003, 0.003, 0.002, 0.006, 0.001, 0.001, 0.004, 0.004, 0.005, 0.001, 0.021, 0.019, 0.005, 0.004, 0.004, 0.003, 0.001, 0.004, 0.004, 0.003, 0.003, 0.004, 0.004, 0.014, 0.002, 0.001, 0.001, 0.001, 0.004, 0.004, 0.003, 0.001, 0.004, 0.004, 0.003, 0.003, 0.004, 0.004, 0.014, 0.002, 0.001, 0.001, 0.001, 0.004, 0.003, 0.003, 0.005, 0.006, 0.001, 0.004, 0.004, 0.004, 0.004, 0.001, 0.004, 0.003, 0.003, 0.003, 0.002, 0.006, 0.001, 0.002, 0.004, 0.004, 0.004, 0.007, 0.005, 0.003, 0.003, 0.001, 0.001, 0.004, 0.004, 0.021, 0.006, 0.005, 0.005, 0.004, 0.003, 0.004, 0.004, 0.001, 0.001, 0.002, 0.003, 0.004, 0.004, 0.004, 0.003, 0.003, 0.004, 0.004, 0.004, 0.004, 0.002, 0.001, 0.001, 0.004, 0.004, 0.004, 0.004, 0.001, 0.001, 0.002, 0.003, 0.004, 0.004, 0.004, 0.003, 0.003, 0.004, 0.004, 0.004, 0.004, 0.002, 0.001, 0.001, 0.004, 0.004, 0.003, 0.003, 0.005, 0.005, 0.006, 0.02, 0.004, 0.004, 0.001, 0.001, 0.003, 0.003, 0.005, 0.006, 0.004, 0.008, 0.001, 0.025, 0.023, 0.008, 0.006, 0.004, 0.004, 0.003, 0.003, 0.003, 0.001, 0.002, 0.004, 0.004, 0.017, 0.004, 0.003, 0.003, 0.001, 0.004, 0.004, 0.004, 0.003, 0.003, 0.003, 0.001, 0.002, 0.004, 0.004, 0.017, 0.004, 0.003, 0.003, 0.001, 0.004, 0.004, 0.003, 0.003, 0.003, 0.001, 0.004, 0.004, 0.004, 0.004, 0.001, 0.003, 0.004, 0.003, 0.003, 0.003, 0.004, 0.0, 0.001, 0.004, 0.004, 0.004, 0.01, 0.008, 0.001, 0.001, 0.002, 0.001, 0.004, 0.004, 0.025, 0.009, 0.008, 0.007, 0.006, 0.002, 0.004, 0.004, 0.001, 0.001, 0.004, 0.003, 0.003, 0.003, 0.004, 0.003, 0.001, 0.004, 0.004, 0.004, 0.004, 0.001, 0.004, 0.003, 0.003, 0.004, 0.004, 0.004, 0.001, 0.001, 0.004, 0.003, 0.003, 0.003, 0.004, 0.003, 0.001, 0.004, 0.004, 0.004, 0.004, 0.001, 0.004, 0.003, 0.003, 0.004, 0.004, 0.001, 0.003, 0.003, 0.003, 0.016, 0.004, 0.004, 0.002, 0.001, 0.004, 0.003, 0.003, 0.004, 0.004, 0.004, 0.01, 0.008, 0.001, 0.002, 0.002, 0.001, 0.004, 0.004, 0.024, 0.008, 0.008, 0.007, 0.006, 0.002, 0.004, 0.004, 0.001, 0.001, 0.004, 0.003, 0.003, 0.003, 0.004, 0.003, 0.001, 0.004, 0.004, 0.004, 0.004, 0.001, 0.003, 0.003, 0.003, 0.004, 0.004, 0.004, 0.001, 0.001, 0.004, 0.003, 0.003, 0.003, 0.004, 0.003, 0.001, 0.004, 0.004, 0.004, 0.004, 0.001, 0.003, 0.003, 0.003, 0.004, 0.004, 0.001, 0.003, 0.003, 0.004, 0.017, 0.004, 0.004, 0.002, 0.001, 0.003, 0.003, 0.003, 0.004, 0.004, 0.003, 0.004, 0.003, 0.003, 0.009, 0.001, 0.001, 0.001, 0.002, 0.004, 0.001, 0.004, 0.004, 0.004, 0.004, 0.003, 0.008, 0.008, 0.001, 0.002, 0.004, 0.001, 0.001, 0.001, 0.001, 0.01, 0.003, 0.003, 0.004, 0.003, 0.004, 0.004, 0.001, 0.001, 0.003, 0.004, 0.001, 0.001, 0.001, 0.001, 0.01, 0.003, 0.003, 0.004, 0.003, 0.004, 0.004, 0.001, 0.001, 0.003, 0.002, 0.003, 0.015, 0.017, 0.002, 0.003]
Qualifiers: 11
Total: 462


gene-LOC116510618
True delta fst: 0.022
p-value: 0.0021645021645021645
Possible delta fsts: [0.022, 0.007, 0.011, 0.007, 0.007, 0.011, 0.007, 0.013, 0.016, 0.011, 0.011, 0.016, 0.011, 0.003, 0.001, 0.001, 0.003, 0.001, 0.003, 0.003, 0.005, 0.003, 0.0, 0.003, 0.0, 0.003, 0.0, 0.003, 0.012, 0.015, 0.011, 0.011, 0.015, 0.011, 0.003, 0.001, 0.001, 0.003, 0.001, 0.002, 0.002, 0.005, 0.002, 0.0, 0.002, 0.0, 0.002, 0.0, 0.002, 0.007, 0.004, 0.004, 0.007, 0.004, 0.006, 0.006, 0.009, 0.006, 0.003, 0.005, 0.003, 0.005, 0.003, 0.005, 0.002, 0.002, 0.0, 0.002, 0.002, 0.002, 0.002, 0.002, 0.002, 0.002, 0.002, 0.0, 0.002, 0.0, 0.002, 0.0, 0.002, 0.004, 0.002, 0.002, 0.002, 0.005, 0.002, 0.002, 0.004, 0.002, 0.002, 0.004, 0.004, 0.002, 0.004, 0.002, 0.002, 0.002, 0.002, 0.004, 0.002, 0.004, 0.002, 0.004, 0.002, 0.0, 0.002, 0.002, 0.0, 0.002, 0.001, 0.001, 0.001, 0.001, 0.002, 0.001, 0.002, 0.001, 0.002, 0.001, 0.004, 0.004, 0.004, 0.004, 0.004, 0.004, 0.004, 0.004, 0.004, 0.004, 0.004, 0.004, 0.004, 0.004, 0.004, 0.004, 0.004, 0.004, 0.004, 0.004, 0.0, 0.002, 0.002, 0.0, 0.002, 0.002, 0.002, 0.0, 0.002, 0.002, 0.002, 0.002, 0.002, 0.002, 0.002, 0.004, 0.004, 0.004, 0.004, 0.004, 0.004, 0.004, 0.004, 0.004, 0.004, 0.004, 0.004, 0.004, 0.004, 0.004, 0.004, 0.004, 0.003, 0.004, 0.004, 0.004, 0.004, 0.002, 0.004, 0.004, 0.004, 0.004, 0.004, 0.004, 0.004, 0.004, 0.003, 0.004, 0.003, 0.004, 0.003, 0.004, 0.004, 0.004, 0.004, 0.002, 0.002, 0.002, 0.002, 0.002, 0.002, 0.002, 0.0, 0.002, 0.002, 0.002, 0.002, 0.002, 0.002, 0.002, 0.015, 0.018, 0.014, 0.014, 0.018, 0.014, 0.005, 0.002, 0.002, 0.005, 0.002, 0.005, 0.005, 0.007, 0.005, 0.002, 0.004, 0.002, 0.004, 0.002, 0.004, 0.009, 0.006, 0.006, 0.009, 0.006, 0.009, 0.009, 0.012, 0.009, 0.005, 0.009, 0.005, 0.009, 0.005, 0.009, 0.0, 0.0, 0.002, 0.0, 0.002, 0.0, 0.002, 0.0, 0.002, 0.0, 0.001, 0.001, 0.001, 0.001, 0.001, 0.001, 0.001, 0.002, 0.001, 0.001, 0.009, 0.005, 0.005, 0.009, 0.005, 0.007, 0.007, 0.011, 0.007, 0.005, 0.007, 0.005, 0.007, 0.005, 0.007, 0.0, 0.0, 0.001, 0.0, 0.002, 0.0, 0.002, 0.0, 0.002, 0.0, 0.002, 0.0, 0.002, 0.0, 0.002, 0.0, 0.002, 0.002, 0.002, 0.002, 0.002, 0.002, 0.004, 0.002, 0.0, 0.002, 0.0, 0.002, 0.0, 0.002, 0.001, 0.003, 0.001, 0.003, 0.001, 0.003, 0.001, 0.001, 0.001, 0.001, 0.004, 0.002, 0.004, 0.002, 0.004, 0.002, 0.004, 0.004, 0.004, 0.004, 0.003, 0.004, 0.003, 0.003, 0.004, 0.0, 0.002, 0.002, 0.0, 0.002, 0.0, 0.0, 0.002, 0.0, 0.002, 0.0, 0.002, 0.0, 0.002, 0.0, 0.004, 0.004, 0.004, 0.004, 0.004, 0.004, 0.004, 0.004, 0.004, 0.004, 0.004, 0.004, 0.004, 0.004, 0.004, 0.004, 0.004, 0.004, 0.004, 0.004, 0.002, 0.002, 0.002, 0.002, 0.004, 0.002, 0.004, 0.002, 0.004, 0.002, 0.004, 0.002, 0.004, 0.002, 0.004, 0.002, 0.004, 0.004, 0.004, 0.004, 0.002, 0.004, 0.002, 0.004, 0.002, 0.004, 0.002, 0.002, 0.002, 0.002, 0.004, 0.002, 0.004, 0.004, 0.002, 0.004, 0.004, 0.002, 0.004, 0.004, 0.004, 0.004, 0.004, 0.004, 0.004, 0.004, 0.002, 0.004, 0.002, 0.004, 0.002, 0.004, 0.004, 0.004, 0.004, 0.002, 0.004, 0.002, 0.004, 0.002, 0.004, 0.002, 0.002, 0.002, 0.002, 0.004, 0.002, 0.004, 0.004, 0.002, 0.004, 0.004, 0.004, 0.004, 0.004, 0.004, 0.004, 0.002, 0.004, 0.004, 0.004, 0.004, 0.004, 0.004, 0.004, 0.0, 0.002, 0.0, 0.0, 0.002, 0.0]
Qualifiers: 1
Total: 462


gene-SLC6A12
True delta fst: 0.041
p-value: 0.015151515151515152
Possible delta fsts: [0.041, 0.008, 0.002, 0.001, 0.019, 0.009, 0.003, 0.028, 0.018, 0.015, 0.041, 0.028, 0.008, 0.003, 0.005, 0.008, 0.001, 0.007, 0.008, 0.002, 0.003, 0.009, 0.001, 0.005, 0.009, 0.009, 0.003, 0.007, 0.014, 0.006, 0.004, 0.024, 0.014, 0.001, 0.008, 0.008, 0.001, 0.005, 0.009, 0.009, 0.005, 0.008, 0.008, 0.006, 0.008, 0.008, 0.001, 0.008, 0.009, 0.001, 0.003, 0.014, 0.005, 0.005, 0.006, 0.006, 0.001, 0.008, 0.004, 0.003, 0.008, 0.014, 0.001, 0.005, 0.008, 0.008, 0.009, 0.005, 0.008, 0.009, 0.005, 0.005, 0.009, 0.008, 0.009, 0.008, 0.001, 0.008, 0.008, 0.005, 0.008, 0.008, 0.005, 0.009, 0.048, 0.035, 0.032, 0.065, 0.048, 0.023, 0.006, 0.003, 0.023, 0.013, 0.001, 0.003, 0.014, 0.006, 0.005, 0.012, 0.003, 0.006, 0.023, 0.006, 0.001, 0.023, 0.019, 0.048, 0.034, 0.013, 0.01, 0.035, 0.023, 0.006, 0.032, 0.019, 0.003, 0.048, 0.023, 0.013, 0.007, 0.006, 0.001, 0.008, 0.003, 0.003, 0.008, 0.013, 0.001, 0.006, 0.003, 0.006, 0.009, 0.006, 0.005, 0.008, 0.003, 0.006, 0.008, 0.001, 0.01, 0.007, 0.03, 0.018, 0.002, 0.001, 0.019, 0.01, 0.003, 0.016, 0.007, 0.005, 0.03, 0.01, 0.002, 0.009, 0.003, 0.007, 0.009, 0.005, 0.008, 0.008, 0.002, 0.007, 0.009, 0.007, 0.009, 0.007, 0.003, 0.008, 0.009, 0.005, 0.009, 0.008, 0.007, 0.005, 0.01, 0.002, 0.007, 0.007, 0.0, 0.008, 0.018, 0.002, 0.003, 0.001, 0.005, 0.009, 0.01, 0.003, 0.007, 0.007, 0.005, 0.008, 0.002, 0.009, 0.008, 0.003, 0.007, 0.009, 0.007, 0.008, 0.008, 0.006, 0.009, 0.009, 0.007, 0.003, 0.009, 0.008, 0.002, 0.003, 0.005, 0.01, 0.002, 0.007, 0.009, 0.008, 0.007, 0.009, 0.007, 0.006, 0.009, 0.009, 0.004, 0.009, 0.008, 0.003, 0.007, 0.009, 0.007, 0.007, 0.008, 0.002, 0.003, 0.009, 0.009, 0.003, 0.007, 0.009, 0.005, 0.008, 0.008, 0.002, 0.007, 0.009, 0.002, 0.009, 0.007, 0.002, 0.008, 0.006, 0.004, 0.009, 0.007, 0.003, 0.006, 0.002, 0.012, 0.009, 0.004, 0.002, 0.008, 0.003, 0.004, 0.007, 0.009, 0.009, 0.005, 0.008, 0.008, 0.008, 0.008, 0.009, 0.006, 0.008, 0.009, 0.005, 0.005, 0.009, 0.008, 0.007, 0.006, 0.001, 0.012, 0.005, 0.001, 0.015, 0.008, 0.001, 0.005, 0.001, 0.007, 0.025, 0.006, 0.004, 0.012, 0.005, 0.006, 0.015, 0.001, 0.005, 0.009, 0.008, 0.001, 0.009, 0.008, 0.001, 0.008, 0.008, 0.005, 0.008, 0.005, 0.007, 0.009, 0.006, 0.001, 0.009, 0.005, 0.001, 0.008, 0.007, 0.016, 0.038, 0.001, 0.012, 0.023, 0.001, 0.015, 0.026, 0.005, 0.007, 0.025, 0.038, 0.012, 0.015, 0.001, 0.003, 0.014, 0.005, 0.005, 0.006, 0.006, 0.001, 0.008, 0.004, 0.003, 0.008, 0.014, 0.001, 0.005, 0.008, 0.008, 0.009, 0.006, 0.008, 0.009, 0.005, 0.005, 0.009, 0.008, 0.009, 0.008, 0.0, 0.008, 0.008, 0.006, 0.008, 0.008, 0.005, 0.009, 0.008, 0.001, 0.005, 0.009, 0.003, 0.007, 0.009, 0.005, 0.005, 0.008, 0.006, 0.008, 0.008, 0.001, 0.008, 0.009, 0.003, 0.008, 0.009, 0.005, 0.008, 0.004, 0.008, 0.009, 0.006, 0.001, 0.009, 0.005, 0.001, 0.008, 0.008, 0.0, 0.007, 0.006, 0.005, 0.008, 0.007, 0.009, 0.007, 0.008, 0.009, 0.006, 0.003, 0.009, 0.009, 0.009, 0.008, 0.003, 0.007, 0.009, 0.007, 0.007, 0.009, 0.006, 0.008, 0.003, 0.003, 0.019, 0.007, 0.001, 0.008, 0.006, 0.003, 0.011, 0.004, 0.003, 0.01, 0.019, 0.001, 0.003, 0.008, 0.006, 0.003, 0.009, 0.007, 0.003, 0.009, 0.006, 0.003, 0.009, 0.008, 0.003, 0.003, 0.007, 0.006, 0.003, 0.019, 0.032, 0.008, 0.011, 0.019]
Qualifiers: 7
Total: 462


gene-AMDHD1
True delta fst: 0.033
p-value: 0.017316017316017316
Possible delta fsts: [0.033, 0.027, 0.0, 0.033, 0.038, 0.029, 0.009, 0.0, 0.011, 0.003, 0.007, 0.002, 0.011, 0.011, 0.0, 0.003, 0.002, 0.009, 0.011, 0.011, 0.011, 0.006, 0.007, 0.002, 0.011, 0.004, 0.011, 0.01, 0.018, 0.004, 0.022, 0.027, 0.02, 0.011, 0.006, 0.018, 0.022, 0.015, 0.011, 0.004, 0.002, 0.006, 0.007, 0.027, 0.02, 0.011, 0.024, 0.009, 0.011, 0.011, 0.004, 0.002, 0.006, 0.007, 0.011, 0.011, 0.011, 0.013, 0.0, 0.004, 0.008, 0.002, 0.009, 0.007, 0.011, 0.011, 0.011, 0.017, 0.002, 0.006, 0.007, 0.004, 0.008, 0.006, 0.011, 0.011, 0.013, 0.011, 0.009, 0.016, 0.002, 0.009, 0.007, 0.009, 0.026, 0.0, 0.031, 0.036, 0.028, 0.009, 0.002, 0.026, 0.031, 0.023, 0.01, 0.0, 0.002, 0.002, 0.009, 0.036, 0.028, 0.009, 0.033, 0.007, 0.009, 0.011, 0.0, 0.002, 0.002, 0.009, 0.011, 0.011, 0.011, 0.007, 0.006, 0.0, 0.011, 0.004, 0.011, 0.009, 0.011, 0.011, 0.011, 0.011, 0.002, 0.002, 0.009, 0.0, 0.011, 0.009, 0.011, 0.011, 0.007, 0.011, 0.003, 0.009, 0.004, 0.011, 0.009, 0.011, 0.007, 0.017, 0.022, 0.014, 0.011, 0.005, 0.002, 0.006, 0.006, 0.026, 0.018, 0.011, 0.023, 0.01, 0.011, 0.007, 0.005, 0.008, 0.004, 0.022, 0.014, 0.011, 0.018, 0.011, 0.011, 0.002, 0.006, 0.006, 0.004, 0.008, 0.005, 0.023, 0.01, 0.011, 0.011, 0.011, 0.011, 0.011, 0.018, 0.002, 0.006, 0.006, 0.004, 0.008, 0.005, 0.011, 0.011, 0.014, 0.011, 0.011, 0.016, 0.002, 0.009, 0.007, 0.009, 0.011, 0.011, 0.018, 0.011, 0.014, 0.02, 0.004, 0.008, 0.005, 0.007, 0.011, 0.011, 0.016, 0.013, 0.009, 0.016, 0.005, 0.02, 0.026, 0.018, 0.011, 0.007, 0.016, 0.02, 0.014, 0.011, 0.005, 0.003, 0.006, 0.006, 0.026, 0.018, 0.011, 0.022, 0.01, 0.011, 0.011, 0.005, 0.003, 0.006, 0.006, 0.011, 0.011, 0.011, 0.014, 0.0, 0.004, 0.008, 0.002, 0.009, 0.007, 0.011, 0.011, 0.011, 0.018, 0.003, 0.006, 0.006, 0.004, 0.008, 0.005, 0.011, 0.011, 0.014, 0.011, 0.011, 0.017, 0.002, 0.009, 0.007, 0.008, 0.009, 0.009, 0.013, 0.007, 0.011, 0.009, 0.007, 0.009, 0.002, 0.016, 0.011, 0.011, 0.014, 0.011, 0.011, 0.009, 0.009, 0.011, 0.0, 0.013, 0.007, 0.011, 0.011, 0.011, 0.011, 0.007, 0.009, 0.002, 0.008, 0.004, 0.0, 0.014, 0.011, 0.011, 0.011, 0.009, 0.011, 0.009, 0.028, 0.007, 0.009, 0.002, 0.008, 0.004, 0.0, 0.011, 0.01, 0.023, 0.011, 0.018, 0.026, 0.006, 0.006, 0.002, 0.005, 0.011, 0.009, 0.028, 0.01, 0.023, 0.031, 0.008, 0.004, 0.0, 0.002, 0.011, 0.018, 0.026, 0.022, 0.005, 0.007, 0.016, 0.02, 0.013, 0.011, 0.006, 0.004, 0.007, 0.006, 0.024, 0.017, 0.011, 0.022, 0.011, 0.011, 0.007, 0.006, 0.008, 0.004, 0.02, 0.013, 0.011, 0.017, 0.011, 0.011, 0.004, 0.007, 0.006, 0.005, 0.007, 0.004, 0.022, 0.011, 0.011, 0.011, 0.011, 0.011, 0.011, 0.02, 0.004, 0.007, 0.006, 0.005, 0.007, 0.004, 0.011, 0.011, 0.015, 0.011, 0.011, 0.018, 0.002, 0.009, 0.006, 0.008, 0.011, 0.011, 0.02, 0.011, 0.015, 0.022, 0.005, 0.007, 0.004, 0.006, 0.011, 0.011, 0.018, 0.014, 0.008, 0.01, 0.009, 0.011, 0.002, 0.011, 0.006, 0.011, 0.009, 0.011, 0.011, 0.007, 0.009, 0.002, 0.008, 0.004, 0.0, 0.013, 0.011, 0.011, 0.011, 0.009, 0.011, 0.002, 0.009, 0.002, 0.003, 0.009, 0.011, 0.011, 0.011, 0.008, 0.004, 0.0, 0.002, 0.011, 0.011, 0.009, 0.029, 0.009, 0.024, 0.033, 0.008, 0.004, 0.0, 0.002, 0.011, 0.02, 0.027, 0.022, 0.004, 0.009, 0.024, 0.033, 0.027, 0.002, 0.022]
Qualifiers: 8
Total: 462


gene-RAB3IP
True delta fst: 0.012
p-value: 0.0367965367965368
Possible delta fsts: [0.012, 0.003, 0.001, 0.003, 0.001, 0.005, 0.003, 0.002, 0.006, 0.001, 0.008, 0.016, 0.001, 0.003, 0.002, 0.003, 0.001, 0.003, 0.003, 0.003, 0.001, 0.003, 0.003, 0.003, 0.001, 0.001, 0.003, 0.002, 0.004, 0.008, 0.002, 0.01, 0.019, 0.003, 0.003, 0.003, 0.003, 0.001, 0.003, 0.003, 0.002, 0.002, 0.003, 0.003, 0.001, 0.003, 0.003, 0.003, 0.001, 0.001, 0.003, 0.001, 0.006, 0.003, 0.001, 0.004, 0.012, 0.001, 0.001, 0.005, 0.003, 0.013, 0.001, 0.006, 0.001, 0.003, 0.003, 0.001, 0.001, 0.003, 0.003, 0.003, 0.001, 0.003, 0.003, 0.003, 0.001, 0.001, 0.003, 0.003, 0.003, 0.001, 0.003, 0.003, 0.001, 0.003, 0.001, 0.004, 0.012, 0.001, 0.003, 0.001, 0.003, 0.003, 0.001, 0.003, 0.003, 0.001, 0.003, 0.003, 0.003, 0.001, 0.001, 0.003, 0.003, 0.003, 0.003, 0.003, 0.001, 0.003, 0.003, 0.001, 0.005, 0.003, 0.003, 0.001, 0.003, 0.006, 0.003, 0.001, 0.004, 0.001, 0.003, 0.003, 0.003, 0.001, 0.009, 0.003, 0.002, 0.002, 0.001, 0.003, 0.004, 0.003, 0.001, 0.003, 0.003, 0.003, 0.001, 0.003, 0.002, 0.003, 0.001, 0.003, 0.003, 0.003, 0.001, 0.007, 0.002, 0.003, 0.001, 0.003, 0.008, 0.001, 0.003, 0.003, 0.002, 0.003, 0.001, 0.001, 0.003, 0.007, 0.003, 0.001, 0.003, 0.001, 0.003, 0.003, 0.003, 0.001, 0.003, 0.003, 0.002, 0.002, 0.003, 0.003, 0.003, 0.001, 0.003, 0.003, 0.003, 0.001, 0.001, 0.003, 0.003, 0.003, 0.001, 0.003, 0.003, 0.003, 0.001, 0.001, 0.003, 0.003, 0.001, 0.006, 0.001, 0.014, 0.003, 0.005, 0.001, 0.001, 0.012, 0.004, 0.001, 0.003, 0.007, 0.001, 0.003, 0.001, 0.004, 0.008, 0.002, 0.01, 0.019, 0.003, 0.003, 0.003, 0.003, 0.001, 0.003, 0.003, 0.002, 0.002, 0.003, 0.003, 0.001, 0.003, 0.003, 0.003, 0.001, 0.001, 0.003, 0.001, 0.006, 0.003, 0.001, 0.004, 0.012, 0.001, 0.001, 0.005, 0.003, 0.013, 0.001, 0.006, 0.001, 0.003, 0.003, 0.001, 0.001, 0.003, 0.003, 0.003, 0.001, 0.003, 0.003, 0.003, 0.001, 0.001, 0.003, 0.003, 0.003, 0.001, 0.003, 0.003, 0.001, 0.003, 0.001, 0.008, 0.001, 0.001, 0.006, 0.014, 0.001, 0.001, 0.006, 0.003, 0.016, 0.001, 0.008, 0.001, 0.003, 0.003, 0.001, 0.001, 0.003, 0.002, 0.002, 0.003, 0.003, 0.003, 0.003, 0.001, 0.001, 0.003, 0.003, 0.003, 0.001, 0.003, 0.002, 0.003, 0.001, 0.003, 0.003, 0.003, 0.001, 0.003, 0.004, 0.003, 0.001, 0.002, 0.001, 0.003, 0.008, 0.001, 0.003, 0.003, 0.003, 0.001, 0.003, 0.001, 0.003, 0.007, 0.003, 0.001, 0.003, 0.003, 0.006, 0.001, 0.003, 0.003, 0.001, 0.002, 0.003, 0.003, 0.002, 0.003, 0.001, 0.003, 0.003, 0.003, 0.001, 0.007, 0.002, 0.003, 0.001, 0.003, 0.008, 0.001, 0.003, 0.003, 0.002, 0.003, 0.001, 0.001, 0.003, 0.007, 0.003, 0.001, 0.003, 0.001, 0.003, 0.003, 0.003, 0.001, 0.003, 0.003, 0.002, 0.002, 0.003, 0.003, 0.003, 0.001, 0.003, 0.003, 0.003, 0.001, 0.001, 0.003, 0.003, 0.003, 0.001, 0.003, 0.003, 0.003, 0.001, 0.001, 0.003, 0.003, 0.001, 0.006, 0.001, 0.014, 0.003, 0.005, 0.001, 0.001, 0.012, 0.004, 0.001, 0.003, 0.007, 0.001, 0.003, 0.001, 0.003, 0.003, 0.001, 0.003, 0.003, 0.003, 0.001, 0.001, 0.003, 0.002, 0.003, 0.001, 0.003, 0.005, 0.003, 0.0, 0.001, 0.003, 0.003, 0.001, 0.004, 0.001, 0.012, 0.003, 0.003, 0.001, 0.001, 0.01, 0.003, 0.001, 0.003, 0.005, 0.001, 0.003, 0.001, 0.001, 0.003, 0.002, 0.001, 0.003, 0.003, 0.003, 0.001, 0.003, 0.003, 0.003, 0.001, 0.003, 0.002, 0.003, 0.002, 0.017, 0.008, 0.001, 0.007, 0.003]
Qualifiers: 17
Total: 462


gene-RAD54B
True delta fst: 0.018
p-value: 0.008658008658008658
Possible delta fsts: [0.018, 0.002, 0.005, 0.013, 0.002, 0.009, 0.002, 0.002, 0.005, 0.013, 0.002, 0.009, 0.002, 0.003, 0.0, 0.002, 0.002, 0.004, 0.002, 0.004, 0.0, 0.003, 0.002, 0.006, 0.0, 0.004, 0.002, 0.002, 0.004, 0.009, 0.017, 0.0, 0.013, 0.003, 0.002, 0.001, 0.004, 0.0, 0.004, 0.005, 0.004, 0.002, 0.002, 0.002, 0.009, 0.0, 0.002, 0.003, 0.0, 0.002, 0.001, 0.004, 0.0, 0.004, 0.005, 0.004, 0.002, 0.002, 0.002, 0.009, 0.0, 0.002, 0.003, 0.0, 0.004, 0.001, 0.004, 0.002, 0.002, 0.002, 0.004, 0.002, 0.005, 0.003, 0.004, 0.0, 0.004, 0.003, 0.002, 0.004, 0.004, 0.002, 0.002, 0.002, 0.007, 0.012, 0.022, 0.002, 0.017, 0.006, 0.002, 0.003, 0.004, 0.002, 0.003, 0.008, 0.003, 0.005, 0.002, 0.0, 0.013, 0.003, 0.002, 0.004, 0.001, 0.002, 0.003, 0.004, 0.002, 0.003, 0.008, 0.003, 0.005, 0.002, 0.0, 0.013, 0.003, 0.002, 0.004, 0.001, 0.002, 0.0, 0.003, 0.002, 0.003, 0.0, 0.004, 0.002, 0.002, 0.004, 0.004, 0.002, 0.002, 0.004, 0.0, 0.004, 0.002, 0.003, 0.002, 0.002, 0.0, 0.006, 0.004, 0.003, 0.002, 0.011, 0.002, 0.007, 0.0, 0.002, 0.016, 0.005, 0.0, 0.004, 0.003, 0.002, 0.002, 0.002, 0.004, 0.004, 0.0, 0.003, 0.003, 0.0, 0.004, 0.003, 0.004, 0.002, 0.004, 0.002, 0.002, 0.002, 0.004, 0.0, 0.003, 0.002, 0.002, 0.002, 0.004, 0.004, 0.0, 0.003, 0.003, 0.0, 0.004, 0.003, 0.004, 0.002, 0.004, 0.002, 0.002, 0.002, 0.004, 0.0, 0.003, 0.0, 0.004, 0.002, 0.002, 0.009, 0.002, 0.002, 0.003, 0.004, 0.006, 0.004, 0.0, 0.004, 0.002, 0.002, 0.002, 0.005, 0.013, 0.002, 0.009, 0.002, 0.003, 0.0, 0.002, 0.002, 0.004, 0.002, 0.004, 0.0, 0.003, 0.002, 0.006, 0.0, 0.004, 0.002, 0.002, 0.003, 0.0, 0.002, 0.002, 0.004, 0.002, 0.004, 0.0, 0.003, 0.002, 0.006, 0.0, 0.004, 0.002, 0.002, 0.004, 0.003, 0.004, 0.0, 0.002, 0.003, 0.003, 0.0, 0.008, 0.002, 0.003, 0.002, 0.004, 0.002, 0.003, 0.004, 0.004, 0.002, 0.003, 0.0, 0.002, 0.001, 0.004, 0.0, 0.004, 0.005, 0.004, 0.002, 0.002, 0.002, 0.009, 0.0, 0.002, 0.003, 0.0, 0.004, 0.001, 0.004, 0.002, 0.002, 0.002, 0.004, 0.002, 0.005, 0.003, 0.004, 0.0, 0.004, 0.003, 0.002, 0.004, 0.004, 0.002, 0.002, 0.002, 0.004, 0.001, 0.004, 0.002, 0.002, 0.002, 0.004, 0.002, 0.005, 0.003, 0.004, 0.0, 0.004, 0.003, 0.002, 0.004, 0.004, 0.002, 0.002, 0.002, 0.004, 0.003, 0.0, 0.006, 0.018, 0.002, 0.0, 0.009, 0.002, 0.012, 0.002, 0.004, 0.003, 0.007, 0.001, 0.002, 0.003, 0.004, 0.002, 0.003, 0.008, 0.003, 0.005, 0.002, 0.0, 0.013, 0.003, 0.002, 0.004, 0.001, 0.002, 0.0, 0.003, 0.002, 0.003, 0.0, 0.004, 0.002, 0.002, 0.004, 0.004, 0.002, 0.002, 0.004, 0.0, 0.004, 0.002, 0.003, 0.002, 0.002, 0.002, 0.0, 0.003, 0.002, 0.003, 0.0, 0.004, 0.002, 0.002, 0.004, 0.004, 0.002, 0.002, 0.004, 0.0, 0.004, 0.002, 0.003, 0.002, 0.002, 0.002, 0.004, 0.002, 0.004, 0.013, 0.0, 0.002, 0.005, 0.002, 0.009, 0.003, 0.002, 0.004, 0.004, 0.0, 0.002, 0.002, 0.002, 0.004, 0.004, 0.0, 0.003, 0.003, 0.0, 0.004, 0.003, 0.004, 0.002, 0.004, 0.002, 0.002, 0.002, 0.004, 0.0, 0.003, 0.0, 0.004, 0.002, 0.002, 0.009, 0.002, 0.002, 0.003, 0.004, 0.006, 0.004, 0.0, 0.004, 0.002, 0.002, 0.0, 0.004, 0.002, 0.002, 0.009, 0.002, 0.002, 0.003, 0.004, 0.006, 0.004, 0.0, 0.004, 0.002, 0.002, 0.004, 0.014, 0.0, 0.018, 0.009, 0.004]
Qualifiers: 4
Total: 462


gene-GIGYF2
True delta fst: 0.099
p-value: 0.010822510822510822
Possible delta fsts: [0.099, 0.002, 0.0, 0.046, 0.053, 0.014, 0.013, 0.009, 0.011, 0.068, 0.075, 0.031, 0.006, 0.019, 0.013, 0.011, 0.02, 0.011, 0.011, 0.009, 0.02, 0.013, 0.029, 0.002, 0.019, 0.002, 0.018, 0.018, 0.033, 0.035, 0.105, 0.114, 0.059, 0.011, 0.02, 0.0, 0.004, 0.015, 0.019, 0.002, 0.006, 0.014, 0.019, 0.057, 0.018, 0.013, 0.022, 0.01, 0.02, 0.016, 0.013, 0.017, 0.008, 0.02, 0.015, 0.02, 0.007, 0.02, 0.081, 0.035, 0.004, 0.04, 0.0, 0.017, 0.02, 0.02, 0.011, 0.02, 0.009, 0.02, 0.013, 0.019, 0.015, 0.004, 0.007, 0.019, 0.014, 0.018, 0.016, 0.002, 0.005, 0.017, 0.019, 0.02, 0.018, 0.022, 0.083, 0.091, 0.042, 0.0, 0.02, 0.008, 0.005, 0.019, 0.015, 0.007, 0.004, 0.018, 0.016, 0.04, 0.006, 0.017, 0.011, 0.015, 0.02, 0.019, 0.002, 0.006, 0.014, 0.019, 0.004, 0.008, 0.013, 0.02, 0.061, 0.02, 0.011, 0.026, 0.009, 0.02, 0.017, 0.018, 0.004, 0.035, 0.015, 0.02, 0.006, 0.02, 0.009, 0.015, 0.013, 0.02, 0.008, 0.02, 0.011, 0.013, 0.004, 0.02, 0.016, 0.017, 0.013, 0.022, 0.027, 0.002, 0.019, 0.025, 0.031, 0.0, 0.019, 0.097, 0.047, 0.003, 0.053, 0.007, 0.013, 0.02, 0.02, 0.015, 0.011, 0.003, 0.018, 0.017, 0.017, 0.018, 0.003, 0.002, 0.017, 0.017, 0.016, 0.018, 0.005, 0.014, 0.014, 0.02, 0.02, 0.018, 0.017, 0.019, 0.001, 0.009, 0.013, 0.02, 0.011, 0.02, 0.011, 0.011, 0.011, 0.02, 0.009, 0.02, 0.013, 0.029, 0.007, 0.019, 0.018, 0.019, 0.006, 0.031, 0.009, 0.025, 0.068, 0.02, 0.011, 0.012, 0.008, 0.02, 0.013, 0.009, 0.005, 0.018, 0.008, 0.011, 0.066, 0.073, 0.029, 0.007, 0.019, 0.013, 0.011, 0.02, 0.011, 0.013, 0.01, 0.02, 0.011, 0.027, 0.002, 0.02, 0.001, 0.018, 0.018, 0.02, 0.006, 0.002, 0.018, 0.017, 0.004, 0.0, 0.017, 0.017, 0.046, 0.009, 0.016, 0.014, 0.014, 0.02, 0.013, 0.015, 0.005, 0.049, 0.018, 0.018, 0.002, 0.019, 0.002, 0.027, 0.017, 0.019, 0.0, 0.02, 0.004, 0.024, 0.011, 0.02, 0.011, 0.013, 0.017, 0.011, 0.016, 0.009, 0.02, 0.013, 0.018, 0.007, 0.02, 0.079, 0.033, 0.005, 0.038, 0.002, 0.017, 0.019, 0.02, 0.01, 0.022, 0.009, 0.02, 0.013, 0.019, 0.015, 0.005, 0.008, 0.02, 0.013, 0.019, 0.015, 0.004, 0.004, 0.018, 0.019, 0.02, 0.02, 0.02, 0.016, 0.008, 0.0, 0.017, 0.018, 0.015, 0.019, 0.005, 0.002, 0.016, 0.018, 0.015, 0.019, 0.007, 0.018, 0.013, 0.02, 0.02, 0.016, 0.002, 0.044, 0.002, 0.038, 0.086, 0.02, 0.004, 0.024, 0.018, 0.02, 0.006, 0.02, 0.016, 0.015, 0.02, 0.0, 0.004, 0.015, 0.019, 0.003, 0.007, 0.013, 0.02, 0.059, 0.019, 0.011, 0.024, 0.009, 0.02, 0.016, 0.018, 0.002, 0.037, 0.015, 0.02, 0.006, 0.02, 0.008, 0.017, 0.015, 0.02, 0.007, 0.02, 0.009, 0.014, 0.005, 0.02, 0.015, 0.017, 0.02, 0.02, 0.011, 0.02, 0.009, 0.02, 0.013, 0.019, 0.015, 0.004, 0.007, 0.019, 0.015, 0.018, 0.016, 0.002, 0.006, 0.017, 0.019, 0.02, 0.011, 0.013, 0.062, 0.009, 0.055, 0.108, 0.018, 0.005, 0.038, 0.033, 0.018, 0.002, 0.035, 0.029, 0.009, 0.019, 0.018, 0.019, 0.0, 0.007, 0.013, 0.02, 0.011, 0.02, 0.011, 0.009, 0.013, 0.02, 0.01, 0.02, 0.013, 0.028, 0.007, 0.019, 0.018, 0.018, 0.005, 0.033, 0.008, 0.027, 0.07, 0.02, 0.011, 0.013, 0.009, 0.02, 0.011, 0.011, 0.007, 0.018, 0.02, 0.013, 0.016, 0.015, 0.011, 0.049, 0.018, 0.016, 0.0, 0.002, 0.017, 0.017, 0.002, 0.004, 0.02, 0.005, 0.051, 0.102, 0.093, 0.028, 0.025]
Qualifiers: 5
Total: 462


gene-D2HGDH
True delta fst: 0.048
p-value: 0.02813852813852814
Possible delta fsts: [0.048, 0.014, 0.022, 0.057, 0.099, 0.012, 0.017, 0.003, 0.001, 0.026, 0.058, 0.005, 0.003, 0.012, 0.0, 0.021, 0.014, 0.012, 0.006, 0.03, 0.012, 0.012, 0.068, 0.001, 0.002, 0.019, 0.023, 0.013, 0.001, 0.004, 0.03, 0.063, 0.003, 0.0, 0.011, 0.002, 0.025, 0.012, 0.012, 0.008, 0.034, 0.012, 0.01, 0.074, 0.001, 0.004, 0.023, 0.028, 0.012, 0.012, 0.01, 0.003, 0.011, 0.012, 0.007, 0.009, 0.012, 0.013, 0.038, 0.01, 0.009, 0.001, 0.004, 0.012, 0.014, 0.009, 0.001, 0.004, 0.008, 0.012, 0.012, 0.012, 0.01, 0.002, 0.015, 0.014, 0.014, 0.01, 0.008, 0.003, 0.006, 0.01, 0.012, 0.011, 0.001, 0.004, 0.03, 0.063, 0.003, 0.0, 0.011, 0.002, 0.025, 0.012, 0.012, 0.008, 0.034, 0.012, 0.01, 0.074, 0.001, 0.004, 0.023, 0.028, 0.012, 0.012, 0.01, 0.003, 0.011, 0.012, 0.007, 0.009, 0.012, 0.013, 0.038, 0.01, 0.009, 0.001, 0.004, 0.012, 0.014, 0.009, 0.001, 0.004, 0.008, 0.012, 0.012, 0.012, 0.01, 0.002, 0.015, 0.014, 0.014, 0.01, 0.008, 0.003, 0.006, 0.01, 0.012, 0.011, 0.014, 0.009, 0.006, 0.012, 0.012, 0.005, 0.012, 0.013, 0.014, 0.043, 0.01, 0.008, 0.004, 0.008, 0.012, 0.014, 0.007, 0.003, 0.005, 0.01, 0.012, 0.014, 0.011, 0.01, 0.001, 0.017, 0.014, 0.013, 0.008, 0.006, 0.005, 0.008, 0.013, 0.013, 0.01, 0.01, 0.014, 0.015, 0.01, 0.006, 0.005, 0.007, 0.012, 0.014, 0.019, 0.001, 0.009, 0.01, 0.014, 0.013, 0.012, 0.007, 0.005, 0.007, 0.014, 0.012, 0.009, 0.006, 0.007, 0.009, 0.045, 0.014, 0.014, 0.014, 0.005, 0.012, 0.012, 0.007, 0.008, 0.014, 0.001, 0.004, 0.03, 0.063, 0.003, 0.0, 0.011, 0.002, 0.025, 0.012, 0.012, 0.008, 0.034, 0.012, 0.01, 0.074, 0.001, 0.004, 0.023, 0.028, 0.012, 0.012, 0.01, 0.003, 0.011, 0.012, 0.007, 0.009, 0.012, 0.013, 0.038, 0.01, 0.009, 0.001, 0.004, 0.012, 0.014, 0.009, 0.001, 0.004, 0.008, 0.012, 0.012, 0.012, 0.01, 0.002, 0.015, 0.014, 0.014, 0.01, 0.008, 0.003, 0.006, 0.01, 0.012, 0.011, 0.014, 0.009, 0.006, 0.012, 0.012, 0.005, 0.012, 0.013, 0.014, 0.043, 0.01, 0.008, 0.004, 0.008, 0.012, 0.014, 0.007, 0.003, 0.005, 0.01, 0.012, 0.014, 0.011, 0.01, 0.001, 0.017, 0.014, 0.013, 0.008, 0.006, 0.005, 0.008, 0.013, 0.013, 0.01, 0.01, 0.014, 0.015, 0.01, 0.006, 0.005, 0.007, 0.012, 0.014, 0.019, 0.001, 0.009, 0.01, 0.014, 0.013, 0.012, 0.007, 0.005, 0.007, 0.014, 0.012, 0.009, 0.006, 0.007, 0.009, 0.045, 0.014, 0.014, 0.014, 0.005, 0.012, 0.012, 0.007, 0.008, 0.014, 0.014, 0.009, 0.006, 0.012, 0.012, 0.005, 0.012, 0.013, 0.014, 0.043, 0.01, 0.008, 0.004, 0.008, 0.012, 0.014, 0.007, 0.003, 0.005, 0.01, 0.012, 0.014, 0.011, 0.01, 0.001, 0.017, 0.014, 0.013, 0.008, 0.006, 0.005, 0.008, 0.013, 0.013, 0.01, 0.01, 0.014, 0.015, 0.01, 0.006, 0.005, 0.007, 0.012, 0.014, 0.019, 0.001, 0.009, 0.01, 0.014, 0.013, 0.012, 0.007, 0.005, 0.007, 0.014, 0.012, 0.009, 0.006, 0.007, 0.009, 0.045, 0.014, 0.014, 0.014, 0.005, 0.012, 0.012, 0.007, 0.008, 0.014, 0.01, 0.012, 0.012, 0.008, 0.004, 0.007, 0.009, 0.014, 0.014, 0.017, 0.001, 0.01, 0.011, 0.013, 0.012, 0.01, 0.005, 0.003, 0.008, 0.014, 0.012, 0.006, 0.003, 0.008, 0.01, 0.041, 0.014, 0.012, 0.01, 0.006, 0.012, 0.012, 0.004, 0.009, 0.013, 0.012, 0.03, 0.025, 0.006, 0.003, 0.077, 0.01, 0.011, 0.036, 0.01, 0.012, 0.012, 0.027, 0.004, 0.01, 0.001, 0.001, 0.067, 0.032, 0.005, 0.001]
Qualifiers: 13
Total: 462


gene-PRDX6
True delta fst: 0.011
p-value: 0.023809523809523808
Possible delta fsts: [0.011, 0.011, 0.012, 0.016, 0.011, 0.011, 0.017, 0.003, 0.003, 0.002, 0.003, 0.003, 0.001, 0.003, 0.002, 0.003, 0.003, 0.001, 0.001, 0.003, 0.003, 0.001, 0.002, 0.002, 0.001, 0.003, 0.001, 0.001, 0.005, 0.006, 0.008, 0.005, 0.005, 0.01, 0.006, 0.008, 0.005, 0.005, 0.01, 0.01, 0.006, 0.006, 0.012, 0.008, 0.008, 0.014, 0.005, 0.01, 0.01, 0.003, 0.003, 0.003, 0.003, 0.003, 0.003, 0.003, 0.003, 0.003, 0.003, 0.003, 0.002, 0.003, 0.003, 0.003, 0.003, 0.003, 0.003, 0.003, 0.003, 0.003, 0.002, 0.003, 0.003, 0.003, 0.003, 0.003, 0.001, 0.003, 0.003, 0.003, 0.003, 0.002, 0.002, 0.003, 0.005, 0.006, 0.008, 0.005, 0.005, 0.01, 0.006, 0.008, 0.005, 0.005, 0.01, 0.01, 0.006, 0.006, 0.011, 0.008, 0.008, 0.014, 0.005, 0.01, 0.01, 0.003, 0.003, 0.003, 0.003, 0.003, 0.003, 0.003, 0.003, 0.003, 0.003, 0.003, 0.002, 0.003, 0.003, 0.003, 0.003, 0.003, 0.003, 0.003, 0.003, 0.003, 0.002, 0.003, 0.003, 0.003, 0.003, 0.003, 0.002, 0.003, 0.003, 0.003, 0.003, 0.002, 0.002, 0.003, 0.001, 0.003, 0.001, 0.001, 0.004, 0.004, 0.001, 0.001, 0.005, 0.003, 0.003, 0.008, 0.001, 0.004, 0.004, 0.004, 0.001, 0.001, 0.005, 0.003, 0.003, 0.008, 0.001, 0.004, 0.004, 0.004, 0.004, 0.009, 0.001, 0.005, 0.005, 0.003, 0.008, 0.008, 0.004, 0.003, 0.003, 0.003, 0.003, 0.003, 0.003, 0.003, 0.002, 0.003, 0.003, 0.003, 0.003, 0.003, 0.003, 0.003, 0.003, 0.003, 0.003, 0.003, 0.003, 0.003, 0.003, 0.003, 0.003, 0.003, 0.003, 0.003, 0.003, 0.003, 0.003, 0.003, 0.003, 0.003, 0.003, 0.003, 0.003, 0.002, 0.001, 0.003, 0.003, 0.001, 0.002, 0.001, 0.003, 0.003, 0.001, 0.001, 0.002, 0.002, 0.001, 0.001, 0.001, 0.002, 0.003, 0.001, 0.001, 0.001, 0.001, 0.001, 0.001, 0.001, 0.001, 0.001, 0.001, 0.002, 0.001, 0.001, 0.003, 0.001, 0.001, 0.001, 0.001, 0.001, 0.001, 0.002, 0.001, 0.001, 0.003, 0.001, 0.001, 0.001, 0.001, 0.001, 0.003, 0.001, 0.002, 0.002, 0.001, 0.003, 0.003, 0.001, 0.003, 0.003, 0.003, 0.003, 0.003, 0.003, 0.003, 0.003, 0.002, 0.003, 0.003, 0.001, 0.003, 0.003, 0.003, 0.003, 0.003, 0.003, 0.002, 0.003, 0.003, 0.001, 0.003, 0.003, 0.003, 0.003, 0.003, 0.001, 0.003, 0.002, 0.002, 0.003, 0.001, 0.001, 0.003, 0.001, 0.004, 0.004, 0.001, 0.003, 0.003, 0.001, 0.005, 0.001, 0.001, 0.001, 0.001, 0.001, 0.004, 0.001, 0.001, 0.003, 0.001, 0.001, 0.001, 0.001, 0.001, 0.001, 0.004, 0.001, 0.001, 0.003, 0.001, 0.001, 0.001, 0.001, 0.001, 0.001, 0.001, 0.001, 0.003, 0.003, 0.003, 0.003, 0.003, 0.003, 0.003, 0.003, 0.003, 0.003, 0.003, 0.001, 0.003, 0.003, 0.003, 0.003, 0.003, 0.003, 0.003, 0.003, 0.003, 0.001, 0.003, 0.003, 0.003, 0.003, 0.003, 0.001, 0.003, 0.003, 0.003, 0.003, 0.001, 0.001, 0.003, 0.001, 0.005, 0.005, 0.001, 0.003, 0.003, 0.001, 0.005, 0.001, 0.001, 0.001, 0.001, 0.001, 0.005, 0.001, 0.001, 0.003, 0.001, 0.001, 0.001, 0.001, 0.001, 0.001, 0.005, 0.001, 0.001, 0.003, 0.001, 0.001, 0.001, 0.001, 0.001, 0.001, 0.001, 0.001, 0.003, 0.003, 0.003, 0.003, 0.003, 0.003, 0.003, 0.003, 0.003, 0.003, 0.003, 0.003, 0.003, 0.003, 0.003, 0.003, 0.003, 0.003, 0.003, 0.003, 0.003, 0.003, 0.003, 0.003, 0.003, 0.003, 0.003, 0.003, 0.003, 0.003, 0.003, 0.003, 0.003, 0.003, 0.003, 0.006, 0.006, 0.003, 0.01, 0.005, 0.005, 0.008, 0.003, 0.003, 0.006, 0.006, 0.003, 0.003, 0.005, 0.003, 0.006, 0.003, 0.003, 0.005, 0.003, 0.003]
Qualifiers: 11
Total: 462


gene-RPS6KA1
True delta fst: 0.006
p-value: 0.0367965367965368
Possible delta fsts: [0.006, 0.008, 0.001, 0.003, 0.003, 0.009, 0.004, 0.006, 0.002, 0.001, 0.001, 0.007, 0.003, 0.001, 0.003, 0.003, 0.008, 0.004, 0.002, 0.002, 0.001, 0.002, 0.001, 0.003, 0.001, 0.003, 0.001, 0.005, 0.005, 0.002, 0.001, 0.001, 0.006, 0.001, 0.002, 0.001, 0.001, 0.007, 0.003, 0.001, 0.002, 0.001, 0.002, 0.001, 0.002, 0.001, 0.003, 0.001, 0.003, 0.002, 0.001, 0.001, 0.005, 0.001, 0.001, 0.001, 0.002, 0.001, 0.001, 0.001, 0.001, 0.001, 0.001, 0.002, 0.001, 0.001, 0.001, 0.002, 0.001, 0.002, 0.001, 0.002, 0.001, 0.003, 0.001, 0.002, 0.001, 0.002, 0.001, 0.002, 0.001, 0.002, 0.001, 0.001, 0.004, 0.002, 0.001, 0.001, 0.005, 0.001, 0.002, 0.001, 0.001, 0.006, 0.002, 0.001, 0.001, 0.002, 0.002, 0.001, 0.001, 0.001, 0.001, 0.001, 0.003, 0.002, 0.001, 0.0, 0.004, 0.001, 0.001, 0.001, 0.002, 0.001, 0.002, 0.001, 0.001, 0.001, 0.001, 0.001, 0.001, 0.001, 0.002, 0.002, 0.001, 0.001, 0.001, 0.001, 0.001, 0.003, 0.001, 0.001, 0.0, 0.001, 0.001, 0.002, 0.001, 0.002, 0.001, 0.001, 0.002, 0.001, 0.001, 0.003, 0.001, 0.001, 0.001, 0.002, 0.001, 0.002, 0.001, 0.002, 0.001, 0.001, 0.001, 0.001, 0.001, 0.002, 0.001, 0.002, 0.001, 0.001, 0.001, 0.001, 0.001, 0.001, 0.001, 0.001, 0.001, 0.001, 0.001, 0.001, 0.002, 0.001, 0.001, 0.001, 0.001, 0.002, 0.001, 0.002, 0.001, 0.002, 0.001, 0.002, 0.001, 0.003, 0.001, 0.002, 0.001, 0.001, 0.001, 0.002, 0.002, 0.001, 0.001, 0.001, 0.001, 0.001, 0.001, 0.001, 0.001, 0.001, 0.002, 0.001, 0.001, 0.001, 0.005, 0.001, 0.001, 0.002, 0.003, 0.002, 0.001, 0.001, 0.003, 0.001, 0.002, 0.001, 0.001, 0.005, 0.001, 0.001, 0.001, 0.002, 0.001, 0.001, 0.001, 0.001, 0.001, 0.001, 0.001, 0.002, 0.001, 0.001, 0.003, 0.001, 0.001, 0.001, 0.002, 0.001, 0.002, 0.001, 0.001, 0.001, 0.001, 0.001, 0.001, 0.001, 0.002, 0.001, 0.001, 0.001, 0.001, 0.001, 0.001, 0.001, 0.001, 0.001, 0.001, 0.001, 0.001, 0.002, 0.001, 0.002, 0.001, 0.001, 0.002, 0.001, 0.001, 0.003, 0.001, 0.0, 0.001, 0.002, 0.001, 0.002, 0.001, 0.002, 0.001, 0.002, 0.001, 0.001, 0.001, 0.002, 0.001, 0.002, 0.001, 0.001, 0.0, 0.001, 0.001, 0.003, 0.001, 0.001, 0.001, 0.001, 0.001, 0.002, 0.002, 0.001, 0.001, 0.001, 0.001, 0.002, 0.001, 0.002, 0.001, 0.002, 0.001, 0.002, 0.001, 0.004, 0.001, 0.003, 0.001, 0.003, 0.001, 0.002, 0.001, 0.002, 0.002, 0.003, 0.001, 0.001, 0.001, 0.001, 0.001, 0.002, 0.002, 0.001, 0.001, 0.002, 0.006, 0.001, 0.001, 0.002, 0.001, 0.001, 0.001, 0.001, 0.001, 0.001, 0.001, 0.002, 0.001, 0.002, 0.001, 0.002, 0.001, 0.002, 0.001, 0.001, 0.001, 0.002, 0.001, 0.002, 0.001, 0.002, 0.001, 0.002, 0.001, 0.003, 0.001, 0.002, 0.001, 0.002, 0.001, 0.002, 0.001, 0.001, 0.001, 0.001, 0.001, 0.001, 0.001, 0.002, 0.001, 0.002, 0.001, 0.002, 0.001, 0.005, 0.001, 0.003, 0.0, 0.003, 0.001, 0.002, 0.001, 0.002, 0.002, 0.003, 0.001, 0.003, 0.001, 0.002, 0.001, 0.002, 0.001, 0.002, 0.001, 0.003, 0.007, 0.001, 0.001, 0.002, 0.001, 0.001, 0.001, 0.001, 0.002, 0.001, 0.002, 0.001, 0.002, 0.001, 0.006, 0.001, 0.005, 0.001, 0.004, 0.0, 0.002, 0.001, 0.002, 0.002, 0.005, 0.001, 0.003, 0.001, 0.003, 0.001, 0.002, 0.001, 0.002, 0.002, 0.004, 0.008, 0.003, 0.003, 0.001, 0.006, 0.001, 0.005, 0.001, 0.005, 0.001, 0.002, 0.001, 0.002, 0.002, 0.005, 0.01, 0.004, 0.004, 0.001, 0.004, 0.009, 0.003, 0.003, 0.001, 0.008]
Qualifiers: 17
Total: 462


gene-PGK1
True delta fst: 0.01
p-value: 0.03463203463203463
Possible delta fsts: [0.01, 0.014, 0.016, 0.014, 0.016, 0.01, 0.014, 0.0, 0.001, 0.0, 0.001, 0.001, 0.0, 0.003, 0.001, 0.003, 0.0, 0.001, 0.003, 0.005, 0.001, 0.003, 0.003, 0.0, 0.003, 0.001, 0.003, 0.0, 0.001, 0.0, 0.001, 0.0, 0.002, 0.001, 0.001, 0.001, 0.001, 0.001, 0.001, 0.003, 0.003, 0.0, 0.003, 0.003, 0.001, 0.001, 0.0, 0.003, 0.001, 0.003, 0.002, 0.003, 0.001, 0.002, 0.003, 0.003, 0.002, 0.003, 0.003, 0.002, 0.002, 0.002, 0.003, 0.002, 0.003, 0.002, 0.003, 0.003, 0.003, 0.002, 0.003, 0.003, 0.003, 0.002, 0.002, 0.003, 0.003, 0.003, 0.002, 0.003, 0.003, 0.003, 0.002, 0.003, 0.003, 0.005, 0.003, 0.005, 0.001, 0.003, 0.007, 0.006, 0.007, 0.003, 0.006, 0.007, 0.009, 0.005, 0.008, 0.008, 0.003, 0.007, 0.005, 0.008, 0.003, 0.002, 0.002, 0.002, 0.003, 0.002, 0.002, 0.002, 0.003, 0.002, 0.002, 0.003, 0.002, 0.003, 0.002, 0.003, 0.001, 0.001, 0.002, 0.001, 0.001, 0.002, 0.002, 0.002, 0.001, 0.002, 0.001, 0.002, 0.001, 0.002, 0.0, 0.002, 0.002, 0.001, 0.002, 0.002, 0.002, 0.003, 0.002, 0.003, 0.003, 0.002, 0.002, 0.003, 0.002, 0.002, 0.003, 0.003, 0.003, 0.002, 0.003, 0.002, 0.001, 0.002, 0.002, 0.002, 0.003, 0.002, 0.002, 0.001, 0.003, 0.001, 0.002, 0.001, 0.002, 0.001, 0.002, 0.002, 0.001, 0.003, 0.002, 0.001, 0.001, 0.001, 0.001, 0.001, 0.003, 0.0, 0.001, 0.001, 0.003, 0.001, 0.001, 0.001, 0.0, 0.001, 0.001, 0.001, 0.001, 0.001, 0.001, 0.002, 0.001, 0.002, 0.001, 0.002, 0.001, 0.001, 0.002, 0.0, 0.001, 0.001, 0.002, 0.001, 0.001, 0.001, 0.006, 0.007, 0.006, 0.008, 0.003, 0.007, 0.011, 0.009, 0.011, 0.006, 0.01, 0.012, 0.014, 0.007, 0.012, 0.012, 0.006, 0.01, 0.008, 0.012, 0.007, 0.001, 0.002, 0.001, 0.002, 0.002, 0.001, 0.001, 0.002, 0.001, 0.001, 0.002, 0.001, 0.002, 0.001, 0.002, 0.001, 0.001, 0.001, 0.001, 0.001, 0.002, 0.0, 0.001, 0.001, 0.002, 0.001, 0.001, 0.001, 0.001, 0.001, 0.001, 0.001, 0.001, 0.001, 0.001, 0.002, 0.002, 0.002, 0.003, 0.002, 0.001, 0.001, 0.002, 0.001, 0.001, 0.003, 0.002, 0.002, 0.001, 0.003, 0.0, 0.001, 0.002, 0.0, 0.0, 0.002, 0.001, 0.002, 0.0, 0.002, 0.001, 0.001, 0.0, 0.001, 0.001, 0.001, 0.001, 0.0, 0.002, 0.001, 0.002, 0.002, 0.001, 0.002, 0.002, 0.0, 0.001, 0.001, 0.002, 0.0, 0.002, 0.001, 0.002, 0.001, 0.002, 0.001, 0.001, 0.002, 0.0, 0.001, 0.003, 0.002, 0.003, 0.002, 0.003, 0.002, 0.002, 0.003, 0.001, 0.002, 0.002, 0.003, 0.002, 0.002, 0.002, 0.001, 0.001, 0.001, 0.001, 0.001, 0.001, 0.003, 0.0, 0.001, 0.001, 0.001, 0.001, 0.0, 0.002, 0.001, 0.004, 0.005, 0.001, 0.004, 0.004, 0.001, 0.003, 0.001, 0.005, 0.001, 0.005, 0.001, 0.005, 0.003, 0.006, 0.001, 0.001, 0.005, 0.001, 0.002, 0.003, 0.003, 0.002, 0.003, 0.003, 0.002, 0.003, 0.003, 0.003, 0.002, 0.002, 0.003, 0.003, 0.003, 0.002, 0.003, 0.003, 0.003, 0.002, 0.003, 0.002, 0.003, 0.002, 0.003, 0.002, 0.003, 0.003, 0.002, 0.003, 0.003, 0.002, 0.002, 0.003, 0.002, 0.003, 0.003, 0.003, 0.002, 0.003, 0.003, 0.002, 0.003, 0.002, 0.003, 0.002, 0.003, 0.002, 0.003, 0.003, 0.003, 0.002, 0.002, 0.003, 0.002, 0.002, 0.002, 0.003, 0.002, 0.003, 0.002, 0.003, 0.003, 0.002, 0.003, 0.003, 0.003, 0.002, 0.003, 0.003, 0.003, 0.001, 0.003, 0.001, 0.003, 0.001, 0.003, 0.003, 0.001, 0.005, 0.003, 0.003, 0.0, 0.003, 0.003, 0.003, 0.001, 0.001, 0.001, 0.001, 0.001, 0.0]
Qualifiers: 16
Total: 462


gene-LOC116516566
True delta fst: 0.015
p-value: 0.04329004329004329
Possible delta fsts: [0.015, 0.004, 0.005, 0.003, 0.003, 0.006, 0.003, 0.01, 0.004, 0.001, 0.001, 0.014, 0.009, 0.005, 0.004, 0.004, 0.003, 0.0, 0.002, 0.001, 0.005, 0.005, 0.005, 0.003, 0.004, 0.004, 0.005, 0.001, 0.005, 0.005, 0.002, 0.002, 0.008, 0.005, 0.004, 0.005, 0.005, 0.001, 0.003, 0.001, 0.001, 0.005, 0.004, 0.004, 0.005, 0.005, 0.005, 0.005, 0.001, 0.005, 0.004, 0.004, 0.005, 0.001, 0.003, 0.002, 0.005, 0.005, 0.005, 0.003, 0.004, 0.003, 0.004, 0.003, 0.005, 0.005, 0.004, 0.002, 0.002, 0.005, 0.005, 0.005, 0.005, 0.003, 0.016, 0.003, 0.005, 0.003, 0.006, 0.003, 0.003, 0.001, 0.005, 0.005, 0.012, 0.004, 0.001, 0.001, 0.014, 0.01, 0.005, 0.004, 0.004, 0.003, 0.001, 0.002, 0.002, 0.005, 0.005, 0.005, 0.003, 0.004, 0.003, 0.004, 0.003, 0.005, 0.001, 0.001, 0.01, 0.006, 0.004, 0.004, 0.004, 0.005, 0.005, 0.001, 0.002, 0.0, 0.002, 0.008, 0.0, 0.001, 0.005, 0.004, 0.004, 0.004, 0.005, 0.004, 0.005, 0.0, 0.01, 0.001, 0.001, 0.001, 0.001, 0.005, 0.005, 0.004, 0.005, 0.005, 0.005, 0.003, 0.004, 0.005, 0.001, 0.003, 0.003, 0.005, 0.005, 0.005, 0.002, 0.004, 0.003, 0.004, 0.003, 0.003, 0.005, 0.004, 0.002, 0.003, 0.005, 0.005, 0.005, 0.005, 0.003, 0.016, 0.001, 0.005, 0.003, 0.005, 0.004, 0.004, 0.002, 0.005, 0.005, 0.001, 0.001, 0.005, 0.004, 0.005, 0.004, 0.005, 0.004, 0.005, 0.001, 0.008, 0.002, 0.0, 0.002, 0.001, 0.005, 0.005, 0.004, 0.004, 0.004, 0.021, 0.005, 0.009, 0.005, 0.009, 0.002, 0.002, 0.001, 0.005, 0.005, 0.017, 0.023, 0.006, 0.007, 0.001, 0.029, 0.003, 0.014, 0.012, 0.033, 0.026, 0.003, 0.003, 0.003, 0.017, 0.012, 0.005, 0.005, 0.002, 0.004, 0.004, 0.005, 0.001, 0.005, 0.001, 0.015, 0.001, 0.009, 0.008, 0.027, 0.021, 0.004, 0.004, 0.003, 0.001, 0.001, 0.012, 0.007, 0.012, 0.007, 0.025, 0.005, 0.005, 0.004, 0.005, 0.005, 0.002, 0.001, 0.001, 0.001, 0.01, 0.001, 0.005, 0.004, 0.005, 0.004, 0.004, 0.004, 0.005, 0.001, 0.001, 0.002, 0.005, 0.004, 0.019, 0.014, 0.005, 0.005, 0.001, 0.003, 0.003, 0.007, 0.003, 0.006, 0.003, 0.018, 0.004, 0.004, 0.005, 0.005, 0.005, 0.001, 0.003, 0.001, 0.003, 0.005, 0.003, 0.004, 0.003, 0.004, 0.003, 0.005, 0.005, 0.005, 0.002, 0.002, 0.005, 0.005, 0.003, 0.004, 0.004, 0.003, 0.001, 0.003, 0.0, 0.012, 0.001, 0.005, 0.005, 0.005, 0.005, 0.004, 0.003, 0.004, 0.003, 0.001, 0.006, 0.003, 0.001, 0.003, 0.001, 0.005, 0.005, 0.005, 0.004, 0.004, 0.003, 0.007, 0.003, 0.002, 0.005, 0.001, 0.01, 0.009, 0.028, 0.021, 0.004, 0.004, 0.003, 0.0, 0.0, 0.012, 0.008, 0.012, 0.008, 0.025, 0.005, 0.005, 0.003, 0.004, 0.004, 0.003, 0.001, 0.003, 0.001, 0.012, 0.001, 0.005, 0.005, 0.005, 0.005, 0.004, 0.004, 0.005, 0.001, 0.001, 0.005, 0.005, 0.0, 0.002, 0.002, 0.009, 0.005, 0.008, 0.005, 0.02, 0.004, 0.004, 0.005, 0.005, 0.005, 0.001, 0.001, 0.003, 0.007, 0.007, 0.001, 0.005, 0.004, 0.005, 0.004, 0.005, 0.005, 0.005, 0.001, 0.001, 0.001, 0.003, 0.004, 0.004, 0.005, 0.005, 0.005, 0.003, 0.004, 0.004, 0.004, 0.001, 0.003, 0.001, 0.014, 0.002, 0.005, 0.005, 0.005, 0.005, 0.003, 0.003, 0.004, 0.003, 0.003, 0.005, 0.004, 0.002, 0.003, 0.001, 0.005, 0.005, 0.005, 0.003, 0.004, 0.003, 0.007, 0.003, 0.003, 0.005, 0.0, 0.005, 0.004, 0.005, 0.004, 0.004, 0.004, 0.005, 0.0, 0.001, 0.001, 0.001, 0.005, 0.005, 0.005, 0.007, 0.01, 0.001, 0.001, 0.005, 0.008]
Qualifiers: 20
Total: 462


gene-LOC116517450
True delta fst: 0.009
p-value: 0.012987012987012988
Possible delta fsts: [0.009, 0.004, 0.009, 0.011, 0.002, 0.006, 0.004, 0.002, 0.006, 0.007, 0.0, 0.003, 0.002, 0.002, 0.003, 0.002, 0.0, 0.0, 0.008, 0.001, 0.004, 0.002, 0.002, 0.005, 0.003, 0.0, 0.002, 0.0, 0.001, 0.006, 0.007, 0.0, 0.003, 0.001, 0.002, 0.002, 0.002, 0.0, 0.0, 0.008, 0.001, 0.004, 0.002, 0.002, 0.005, 0.002, 0.0, 0.002, 0.0, 0.0, 0.0, 0.002, 0.002, 0.002, 0.004, 0.0, 0.002, 0.0, 0.0, 0.002, 0.0, 0.002, 0.002, 0.002, 0.001, 0.002, 0.0, 0.002, 0.002, 0.0, 0.002, 0.002, 0.002, 0.002, 0.0, 0.003, 0.001, 0.002, 0.002, 0.0, 0.002, 0.002, 0.0, 0.002, 0.003, 0.009, 0.01, 0.002, 0.005, 0.003, 0.005, 0.005, 0.0, 0.002, 0.0, 0.011, 0.003, 0.007, 0.005, 0.004, 0.007, 0.005, 0.001, 0.0, 0.002, 0.002, 0.002, 0.002, 0.0, 0.002, 0.007, 0.001, 0.004, 0.002, 0.002, 0.004, 0.002, 0.0, 0.002, 0.0, 0.003, 0.002, 0.0, 0.0, 0.0, 0.001, 0.0, 0.002, 0.002, 0.002, 0.002, 0.005, 0.003, 0.0, 0.002, 0.0, 0.0, 0.0, 0.001, 0.002, 0.002, 0.002, 0.002, 0.0, 0.002, 0.007, 0.0, 0.004, 0.002, 0.001, 0.004, 0.002, 0.0, 0.002, 0.0, 0.003, 0.002, 0.0, 0.0, 0.0, 0.001, 0.0, 0.002, 0.002, 0.002, 0.002, 0.005, 0.003, 0.0, 0.002, 0.0, 0.0, 0.0, 0.001, 0.002, 0.001, 0.002, 0.001, 0.002, 0.002, 0.0, 0.002, 0.002, 0.002, 0.002, 0.0, 0.002, 0.0, 0.002, 0.002, 0.001, 0.002, 0.002, 0.0, 0.002, 0.002, 0.0, 0.002, 0.002, 0.002, 0.002, 0.002, 0.002, 0.002, 0.0, 0.0, 0.002, 0.0, 0.002, 0.002, 0.001, 0.002, 0.002, 0.002, 0.0, 0.001, 0.0, 0.0, 0.002, 0.002, 0.002, 0.003, 0.002, 0.0, 0.0, 0.0, 0.001, 0.0, 0.002, 0.002, 0.002, 0.002, 0.002, 0.002, 0.002, 0.002, 0.001, 0.002, 0.0, 0.002, 0.002, 0.0, 0.002, 0.002, 0.002, 0.002, 0.001, 0.002, 0.002, 0.002, 0.002, 0.002, 0.002, 0.0, 0.0, 0.002, 0.002, 0.0, 0.002, 0.002, 0.002, 0.002, 0.002, 0.002, 0.002, 0.0, 0.002, 0.002, 0.002, 0.002, 0.002, 0.001, 0.002, 0.0, 0.002, 0.002, 0.0, 0.002, 0.002, 0.002, 0.002, 0.002, 0.002, 0.002, 0.002, 0.002, 0.002, 0.002, 0.0, 0.0, 0.002, 0.002, 0.0, 0.002, 0.002, 0.002, 0.002, 0.002, 0.002, 0.002, 0.0, 0.002, 0.0, 0.002, 0.001, 0.0, 0.002, 0.002, 0.001, 0.003, 0.0, 0.002, 0.002, 0.002, 0.002, 0.0, 0.002, 0.002, 0.0, 0.002, 0.002, 0.002, 0.002, 0.002, 0.0, 0.002, 0.0, 0.0, 0.002, 0.0, 0.005, 0.002, 0.002, 0.002, 0.0, 0.0, 0.0, 0.0, 0.002, 0.002, 0.002, 0.003, 0.002, 0.0, 0.0, 0.001, 0.001, 0.0, 0.002, 0.002, 0.002, 0.0, 0.002, 0.002, 0.002, 0.002, 0.002, 0.002, 0.002, 0.0, 0.002, 0.0, 0.002, 0.0, 0.002, 0.002, 0.002, 0.002, 0.002, 0.002, 0.002, 0.002, 0.002, 0.002, 0.002, 0.002, 0.002, 0.002, 0.0, 0.001, 0.001, 0.002, 0.0, 0.002, 0.002, 0.002, 0.002, 0.002, 0.002, 0.002, 0.0, 0.002, 0.002, 0.002, 0.0, 0.0, 0.002, 0.002, 0.0, 0.002, 0.002, 0.002, 0.002, 0.002, 0.0, 0.002, 0.002, 0.002, 0.002, 0.002, 0.002, 0.002, 0.002, 0.0, 0.001, 0.0, 0.002, 0.0, 0.002, 0.002, 0.002, 0.002, 0.002, 0.002, 0.002, 0.0, 0.002, 0.002, 0.002, 0.0, 0.0, 0.002, 0.002, 0.0, 0.002, 0.002, 0.002, 0.002, 0.002, 0.0, 0.002, 0.001, 0.002, 0.002, 0.0, 0.002, 0.0, 0.0, 0.002, 0.0, 0.005, 0.002, 0.001, 0.002, 0.0, 0.0, 0.0, 0.001, 0.0, 0.004, 0.003, 0.0]
Qualifiers: 6
Total: 462


gene-PIK3CD
True delta fst: 0.003
p-value: 0.015151515151515152
Possible delta fsts: [0.003, 0.001, 0.001, 0.001, 0.001, 0.001, 0.003, 0.001, 0.001, 0.001, 0.001, 0.001, 0.003, 0.001, 0.001, 0.0, 0.001, 0.001, 0.0, 0.001, 0.001, 0.001, 0.001, 0.001, 0.001, 0.001, 0.001, 0.0, 0.001, 0.001, 0.001, 0.001, 0.001, 0.003, 0.001, 0.001, 0.0, 0.001, 0.001, 0.0, 0.001, 0.001, 0.001, 0.001, 0.001, 0.001, 0.001, 0.001, 0.0, 0.001, 0.001, 0.0, 0.001, 0.001, 0.0, 0.001, 0.001, 0.001, 0.001, 0.001, 0.001, 0.001, 0.001, 0.0, 0.001, 0.001, 0.001, 0.0, 0.001, 0.001, 0.0, 0.001, 0.001, 0.001, 0.001, 0.001, 0.001, 0.0, 0.001, 0.001, 0.0, 0.001, 0.001, 0.001, 0.001, 0.001, 0.001, 0.001, 0.001, 0.003, 0.001, 0.001, 0.0, 0.001, 0.001, 0.0, 0.001, 0.001, 0.001, 0.001, 0.001, 0.001, 0.001, 0.001, 0.0, 0.001, 0.001, 0.0, 0.001, 0.001, 0.0, 0.001, 0.001, 0.001, 0.001, 0.001, 0.001, 0.001, 0.001, 0.0, 0.001, 0.001, 0.001, 0.0, 0.001, 0.001, 0.0, 0.001, 0.001, 0.001, 0.001, 0.001, 0.001, 0.0, 0.001, 0.001, 0.0, 0.001, 0.001, 0.001, 0.001, 0.001, 0.0, 0.001, 0.001, 0.0, 0.001, 0.001, 0.001, 0.001, 0.001, 0.001, 0.001, 0.001, 0.0, 0.001, 0.001, 0.001, 0.0, 0.001, 0.001, 0.0, 0.001, 0.001, 0.001, 0.001, 0.001, 0.001, 0.0, 0.001, 0.001, 0.0, 0.001, 0.001, 0.001, 0.001, 0.001, 0.001, 0.0, 0.001, 0.001, 0.0, 0.001, 0.001, 0.001, 0.001, 0.001, 0.001, 0.0, 0.001, 0.001, 0.0, 0.001, 0.001, 0.001, 0.0, 0.001, 0.001, 0.001, 0.001, 0.001, 0.001, 0.001, 0.001, 0.0, 0.001, 0.001, 0.0, 0.001, 0.001, 0.001, 0.001, 0.001, 0.001, 0.001, 0.003, 0.001, 0.001, 0.0, 0.001, 0.001, 0.0, 0.001, 0.001, 0.001, 0.001, 0.001, 0.001, 0.001, 0.001, 0.0, 0.001, 0.001, 0.0, 0.001, 0.001, 0.0, 0.001, 0.001, 0.001, 0.001, 0.001, 0.001, 0.001, 0.001, 0.0, 0.001, 0.001, 0.001, 0.0, 0.001, 0.001, 0.0, 0.001, 0.001, 0.001, 0.001, 0.001, 0.001, 0.0, 0.001, 0.001, 0.0, 0.001, 0.001, 0.001, 0.001, 0.001, 0.0, 0.001, 0.001, 0.0, 0.001, 0.001, 0.001, 0.001, 0.001, 0.001, 0.001, 0.001, 0.0, 0.001, 0.001, 0.001, 0.0, 0.001, 0.001, 0.0, 0.001, 0.001, 0.001, 0.001, 0.001, 0.001, 0.0, 0.001, 0.001, 0.0, 0.001, 0.001, 0.001, 0.001, 0.001, 0.001, 0.0, 0.001, 0.001, 0.0, 0.001, 0.001, 0.001, 0.001, 0.001, 0.001, 0.0, 0.001, 0.001, 0.0, 0.001, 0.001, 0.001, 0.0, 0.001, 0.001, 0.001, 0.001, 0.001, 0.001, 0.001, 0.001, 0.0, 0.001, 0.001, 0.0, 0.001, 0.001, 0.001, 0.001, 0.0, 0.001, 0.001, 0.0, 0.001, 0.001, 0.001, 0.001, 0.001, 0.001, 0.001, 0.001, 0.0, 0.001, 0.001, 0.001, 0.0, 0.001, 0.001, 0.0, 0.001, 0.001, 0.001, 0.001, 0.001, 0.001, 0.0, 0.001, 0.001, 0.0, 0.001, 0.001, 0.001, 0.001, 0.001, 0.001, 0.0, 0.001, 0.001, 0.0, 0.001, 0.001, 0.001, 0.001, 0.001, 0.001, 0.0, 0.001, 0.001, 0.0, 0.001, 0.001, 0.001, 0.0, 0.001, 0.001, 0.001, 0.001, 0.001, 0.001, 0.001, 0.001, 0.0, 0.001, 0.001, 0.0, 0.001, 0.001, 0.001, 0.001, 0.001, 0.0, 0.001, 0.001, 0.0, 0.001, 0.001, 0.001, 0.001, 0.001, 0.001, 0.0, 0.001, 0.001, 0.0, 0.001, 0.001, 0.001, 0.0, 0.001, 0.001, 0.001, 0.001, 0.001, 0.001, 0.001, 0.001, 0.0, 0.001, 0.001, 0.0, 0.001, 0.001, 0.0, 0.001, 0.001, 0.001, 0.001, 0.001, 0.001, 0.001, 0.001, 0.0, 0.001, 0.001, 0.0, 0.001, 0.001, 0.003, 0.001, 0.001, 0.001, 0.001, 0.001]
Qualifiers: 7
Total: 462


gene-TSC1
True delta fst: 0.011
p-value: 0.03463203463203463
Possible delta fsts: [0.011, 0.0, 0.0, 0.008, 0.004, 0.0, 0.004, 0.0, 0.0, 0.01, 0.006, 0.002, 0.006, 0.003, 0.0, 0.002, 0.003, 0.002, 0.0, 0.002, 0.003, 0.002, 0.004, 0.0, 0.004, 0.002, 0.002, 0.002, 0.002, 0.002, 0.002, 0.0, 0.002, 0.0, 0.0, 0.003, 0.003, 0.002, 0.003, 0.003, 0.003, 0.001, 0.003, 0.002, 0.003, 0.002, 0.003, 0.002, 0.003, 0.002, 0.002, 0.003, 0.002, 0.003, 0.003, 0.003, 0.002, 0.003, 0.0, 0.002, 0.0, 0.003, 0.002, 0.003, 0.0, 0.002, 0.007, 0.002, 0.003, 0.002, 0.003, 0.0, 0.002, 0.0, 0.003, 0.0, 0.003, 0.001, 0.002, 0.001, 0.003, 0.002, 0.003, 0.002, 0.006, 0.005, 0.018, 0.013, 0.006, 0.013, 0.002, 0.004, 0.001, 0.002, 0.001, 0.003, 0.0, 0.002, 0.0, 0.011, 0.004, 0.011, 0.002, 0.007, 0.002, 0.002, 0.005, 0.002, 0.002, 0.002, 0.005, 0.002, 0.002, 0.002, 0.013, 0.006, 0.013, 0.003, 0.009, 0.003, 0.002, 0.003, 0.002, 0.003, 0.0, 0.002, 0.0, 0.003, 0.001, 0.003, 0.0, 0.002, 0.0, 0.003, 0.002, 0.003, 0.002, 0.007, 0.002, 0.0, 0.003, 0.0, 0.002, 0.003, 0.002, 0.0, 0.002, 0.003, 0.002, 0.004, 0.0, 0.004, 0.002, 0.002, 0.002, 0.002, 0.002, 0.002, 0.002, 0.002, 0.003, 0.002, 0.002, 0.003, 0.002, 0.002, 0.003, 0.002, 0.002, 0.003, 0.002, 0.002, 0.0, 0.002, 0.003, 0.003, 0.002, 0.0, 0.002, 0.002, 0.003, 0.002, 0.002, 0.003, 0.002, 0.002, 0.003, 0.002, 0.002, 0.003, 0.002, 0.002, 0.001, 0.002, 0.003, 0.002, 0.002, 0.002, 0.005, 0.0, 0.005, 0.002, 0.003, 0.002, 0.0, 0.002, 0.003, 0.002, 0.0, 0.003, 0.004, 0.003, 0.015, 0.011, 0.004, 0.011, 0.003, 0.002, 0.0, 0.002, 0.0, 0.002, 0.0, 0.002, 0.0, 0.008, 0.002, 0.008, 0.0, 0.004, 0.0, 0.002, 0.003, 0.0, 0.002, 0.0, 0.003, 0.0, 0.002, 0.0, 0.01, 0.004, 0.01, 0.002, 0.006, 0.002, 0.003, 0.003, 0.002, 0.003, 0.0, 0.002, 0.0, 0.003, 0.002, 0.003, 0.0, 0.002, 0.0, 0.003, 0.002, 0.003, 0.0, 0.004, 0.0, 0.002, 0.002, 0.002, 0.002, 0.003, 0.002, 0.002, 0.002, 0.002, 0.002, 0.002, 0.002, 0.002, 0.002, 0.0, 0.002, 0.002, 0.0, 0.003, 0.0, 0.003, 0.002, 0.003, 0.002, 0.003, 0.002, 0.003, 0.002, 0.003, 0.001, 0.003, 0.001, 0.003, 0.002, 0.003, 0.003, 0.002, 0.002, 0.002, 0.002, 0.002, 0.003, 0.002, 0.002, 0.003, 0.002, 0.003, 0.002, 0.003, 0.002, 0.003, 0.002, 0.002, 0.0, 0.002, 0.003, 0.0, 0.004, 0.0, 0.007, 0.002, 0.007, 0.002, 0.003, 0.002, 0.0, 0.0, 0.003, 0.0, 0.001, 0.003, 0.0, 0.009, 0.006, 0.0, 0.006, 0.009, 0.005, 0.0, 0.005, 0.018, 0.01, 0.018, 0.006, 0.013, 0.006, 0.002, 0.002, 0.003, 0.002, 0.004, 0.0, 0.004, 0.002, 0.001, 0.002, 0.003, 0.0, 0.003, 0.002, 0.0, 0.002, 0.004, 0.011, 0.004, 0.002, 0.0, 0.002, 0.003, 0.002, 0.005, 0.0, 0.005, 0.002, 0.002, 0.002, 0.005, 0.0, 0.005, 0.002, 0.002, 0.002, 0.006, 0.013, 0.006, 0.003, 0.002, 0.003, 0.002, 0.002, 0.003, 0.002, 0.002, 0.0, 0.002, 0.003, 0.002, 0.0, 0.002, 0.003, 0.002, 0.003, 0.003, 0.002, 0.003, 0.0, 0.002, 0.0, 0.003, 0.002, 0.003, 0.0, 0.003, 0.0, 0.003, 0.002, 0.003, 0.0, 0.004, 0.0, 0.002, 0.002, 0.0, 0.002, 0.002, 0.002, 0.002, 0.003, 0.002, 0.003, 0.002, 0.003, 0.002, 0.003, 0.002, 0.002, 0.003, 0.002, 0.003, 0.0, 0.002, 0.0, 0.003, 0.002, 0.003, 0.002, 0.003, 0.002, 0.003, 0.002, 0.002, 0.002, 0.002, 0.002, 0.005, 0.002, 0.002]
Qualifiers: 16
Total: 462


