gene_85
True delta fst: 0.243
p-value: 0.02857142857142857
Possible delta fsts: [0.243, 0.097, 0.062, 0.091, 0.003, 0.106, 0.025, 0.105, 0.167, 0.195, 0.02, 0.039, 0.056, 0.171, 0.132, 0.053, 0.078, 0.011, 0.02, 0.109, 0.064, 0.115, 0.071, 0.114, 0.02, 0.125, 0.03, 0.053, 0.05, 0.167, 0.076, 0.118, 0.143, 0.236, 0.126]
Qualifiers: 1
Total: 35


gene_124
True delta fst: 0.242
p-value: 0.02857142857142857
Possible delta fsts: [0.242, 0.013, 0.026, 0.138, 0.032, 0.102, 0.074, 0.171, 0.015, 0.004, 0.213, 0.146, 0.09, 0.199, 0.096, 0.134, 0.064, 0.044, 0.137, 0.036, 0.167, 0.128, 0.062, 0.11, 0.071, 0.036, 0.152, 0.195, 0.059, 0.181, 0.013, 0.029, 0.109, 0.192, 0.116]
Qualifiers: 1
Total: 35


gene_179
True delta fst: 0.311
p-value: 0.02857142857142857
Possible delta fsts: [0.311, 0.038, 0.015, 0.119, 0.078, 0.067, 0.116, 0.077, 0.111, 0.146, 0.113, 0.102, 0.015, 0.03, 0.104, 0.122, 0.182, 0.02, 0.048, 0.036, 0.062, 0.283, 0.054, 0.032, 0.188, 0.057, 0.066, 0.055, 0.185, 0.025, 0.107, 0.052, 0.013, 0.054, 0.082]
Qualifiers: 1
Total: 35


gene_194
True delta fst: 0.239
p-value: 0.02857142857142857
Possible delta fsts: [0.239, 0.105, 0.06, 0.15, 0.072, 0.182, 0.199, 0.072, 0.057, 0.075, 0.086, 0.07, 0.17, 0.091, 0.086, 0.107, 0.115, 0.047, 0.147, 0.022, 0.028, 0.101, 0.124, 0.091, 0.158, 0.085, 0.027, 0.049, 0.06, 0.024, 0.105, 0.032, 0.079, 0.061, 0.032]
Qualifiers: 1
Total: 35


gene_207
True delta fst: 0.213
p-value: 0.02857142857142857
Possible delta fsts: [0.213, 0.02, 0.061, 0.04, 0.011, 0.164, 0.057, 0.052, 0.057, 0.121, 0.092, 0.097, 0.139, 0.122, 0.032, 0.088, 0.071, 0.023, 0.078, 0.104, 0.165, 0.114, 0.055, 0.127, 0.127, 0.022, 0.023, 0.031, 0.01, 0.022, 0.039, 0.078, 0.041, 0.091, 0.206]
Qualifiers: 1
Total: 35


gene_210
True delta fst: 0.277
p-value: 0.02857142857142857
Possible delta fsts: [0.277, 0.045, 0.003, 0.24, 0.081, 0.005, 0.082, 0.008, 0.148, 0.079, 0.134, 0.055, 0.073, 0.009, 0.148, 0.043, 0.125, 0.095, 0.055, 0.134, 0.043, 0.159, 0.024, 0.089, 0.101, 0.051, 0.027, 0.172, 0.089, 0.113, 0.068, 0.097, 0.223, 0.087, 0.002]
Qualifiers: 1
Total: 35


gene_213
True delta fst: 0.2
p-value: 0.02857142857142857
Possible delta fsts: [0.2, 0.077, 0.07, 0.15, 0.107, 0.013, 0.101, 0.069, 0.126, 0.037, 0.013, 0.021, 0.035, 0.048, 0.039, 0.028, 0.04, 0.021, 0.144, 0.171, 0.133, 0.198, 0.066, 0.084, 0.105, 0.027, 0.018, 0.192, 0.177, 0.044, 0.024, 0.051, 0.044, 0.007, 0.018]
Qualifiers: 1
Total: 35


gene_228
True delta fst: 0.237
p-value: 0.02857142857142857
Possible delta fsts: [0.237, 0.166, 0.01, 0.07, 0.024, 0.014, 0.076, 0.179, 0.124, 0.139, 0.031, 0.044, 0.078, 0.063, 0.216, 0.16, 0.081, 0.096, 0.005, 0.153, 0.031, 0.02, 0.029, 0.051, 0.128, 0.221, 0.006, 0.053, 0.192, 0.161, 0.127, 0.018, 0.008, 0.037, 0.04]
Qualifiers: 1
Total: 35


gene_470
True delta fst: 0.326
p-value: 0.02857142857142857
Possible delta fsts: [0.326, 0.02, 0.052, 0.11, 0.097, 0.025, 0.038, 0.041, 0.018, 0.181, 0.106, 0.031, 0.022, 0.027, 0.101, 0.127, 0.017, 0.188, 0.053, 0.204, 0.038, 0.038, 0.044, 0.027, 0.062, 0.148, 0.039, 0.007, 0.027, 0.09, 0.104, 0.036, 0.018, 0.036, 0.071]
Qualifiers: 1
Total: 35


gene_510
True delta fst: 0.184
p-value: 0.02857142857142857
Possible delta fsts: [0.184, 0.056, 0.02, 0.076, 0.122, 0.09, 0.076, 0.054, 0.067, 0.01, 0.062, 0.036, 0.081, 0.064, 0.134, 0.002, 0.025, 0.148, 0.046, 0.155, 0.044, 0.055, 0.118, 0.059, 0.006, 0.054, 0.027, 0.022, 0.004, 0.005, 0.177, 0.047, 0.157, 0.062, 0.106]
Qualifiers: 1
Total: 35


gene_513
True delta fst: 0.265
p-value: 0.02857142857142857
Possible delta fsts: [0.265, 0.17, 0.055, 0.002, 0.038, 0.037, 0.051, 0.16, 0.008, 0.06, 0.053, 0.106, 0.166, 0.05, 0.127, 0.02, 0.162, 0.087, 0.017, 0.217, 0.032, 0.153, 0.059, 0.181, 0.122, 0.085, 0.006, 0.028, 0.043, 0.129, 0.03, 0.029, 0.059, 0.168, 0.035]
Qualifiers: 1
Total: 35


gene_516
True delta fst: 0.244
p-value: 0.02857142857142857
Possible delta fsts: [0.244, 0.02, 0.208, 0.062, 0.015, 0.021, 0.028, 0.102, 0.141, 0.042, 0.074, 0.151, 0.134, 0.043, 0.034, 0.117, 0.04, 0.144, 0.178, 0.127, 0.162, 0.043, 0.08, 0.024, 0.223, 0.12, 0.065, 0.131, 0.163, 0.066, 0.031, 0.014, 0.007, 0.016, 0.055]
Qualifiers: 1
Total: 35


gene_547
True delta fst: 0.276
p-value: 0.02857142857142857
Possible delta fsts: [0.276, 0.107, 0.06, 0.004, 0.12, 0.155, 0.157, 0.04, 0.084, 0.043, 0.071, 0.061, 0.198, 0.133, 0.077, 0.028, 0.222, 0.037, 0.065, 0.098, 0.132, 0.165, 0.153, 0.11, 0.038, 0.095, 0.079, 0.103, 0.051, 0.0, 0.007, 0.091, 0.174, 0.059, 0.109]
Qualifiers: 1
Total: 35


